61 -1 73 -1 74 -1 29 -1 23 -1 -2
66 -1 67 -1 72 -1 73 -1 74 -1 -2
29 -1 20 -1 21 -1 28 -1 29 -1 -2
49 -1 43 -1 6 -1 49 -1 69 -1 -2
78 -1 79 -1 50 -1 89 -1 92 -1 -2
22 -1 23 -1 89 -1 79 -1 51 -1 -2
28 -1 74 -1 66 -1 74 -1 73 -1 -2
66 -1 72 -1 73 -1 74 -1 67 -1 -2
45 -1 78 -1 58 -1 70 -1 71 -1 -2
27 -1 91 -1 77 -1 48 -1 54 -1 -2
70 -1 71 -1 72 -1 12 -1 23 -1 -2
89 -1 49 -1 60 -1 65 -1 66 -1 -2
66 -1 69 -1 70 -1 71 -1 72 -1 -2
89 -1 80 -1 52 -1 59 -1 74 -1 -2
41 -1 90 -1 19 -1 21 -1 21 -1 -2
66 -1 73 -1 60 -1 66 -1 73 -1 -2
64 -1 65 -1 66 -1 69 -1 73 -1 -2
81 -1 77 -1 78 -1 50 -1 66 -1 -2
66 -1 67 -1 70 -1 72 -1 74 -1 -2
49 -1 50 -1 51 -1 55 -1 62 -1 -2
66 -1 67 -1 69 -1 73 -1 74 -1 -2
89 -1 51 -1 58 -1 64 -1 12 -1 -2
65 -1 66 -1 67 -1 73 -1 74 -1 -2
78 -1 79 -1 47 -1 49 -1 53 -1 -2
77 -1 59 -1 60 -1 67 -1 74 -1 -2
81 -1 77 -1 48 -1 49 -1 54 -1 -2
91 -1 68 -1 67 -1 70 -1 71 -1 -2
66 -1 67 -1 72 -1 73 -1 74 -1 -2
73 -1 12 -1 76 -1 77 -1 67 -1 -2
76 -1 71 -1 12 -1 76 -1 48 -1 -2
55 -1 56 -1 62 -1 63 -1 69 -1 -2
66 -1 70 -1 71 -1 74 -1 20 -1 -2
63 -1 64 -1 65 -1 70 -1 71 -1 -2
91 -1 77 -1 49 -1 69 -1 12 -1 -2
92 -1 77 -1 49 -1 67 -1 69 -1 -2
88 -1 79 -1 51 -1 69 -1 71 -1 -2
54 -1 60 -1 67 -1 69 -1 74 -1 -2
65 -1 66 -1 70 -1 72 -1 73 -1 -2
89 -1 90 -1 91 -1 92 -1 76 -1 -2
20 -1 20 -1 75 -1 76 -1 48 -1 -2
71 -1 20 -1 49 -1 29 -1 30 -1 -2
22 -1 29 -1 30 -1 31 -1 77 -1 -2
65 -1 66 -1 71 -1 72 -1 73 -1 -2
65 -1 66 -1 67 -1 73 -1 74 -1 -2
50 -1 54 -1 56 -1 61 -1 67 -1 -2
80 -1 49 -1 50 -1 52 -1 12 -1 -2
67 -1 71 -1 72 -1 73 -1 74 -1 -2
43 -1 44 -1 43 -1 44 -1 77 -1 -2
25 -1 6 -1 80 -1 52 -1 69 -1 -2
56 -1 58 -1 59 -1 65 -1 70 -1 -2
71 -1 20 -1 21 -1 28 -1 29 -1 -2
71 -1 72 -1 73 -1 74 -1 34 -1 -2
70 -1 71 -1 72 -1 74 -1 90 -1 -2
64 -1 65 -1 66 -1 67 -1 73 -1 -2
63 -1 64 -1 65 -1 67 -1 69 -1 -2
51 -1 58 -1 60 -1 67 -1 70 -1 -2
47 -1 52 -1 59 -1 60 -1 47 -1 -2
74 -1 91 -1 67 -1 74 -1 12 -1 -2
75 -1 68 -1 68 -1 79 -1 71 -1 -2
31 -1 28 -1 29 -1 30 -1 31 -1 -2
59 -1 69 -1 70 -1 71 -1 72 -1 -2
70 -1 71 -1 72 -1 73 -1 74 -1 -2
73 -1 20 -1 21 -1 52 -1 59 -1 -2
70 -1 71 -1 72 -1 73 -1 74 -1 -2
70 -1 71 -1 20 -1 21 -1 28 -1 -2
66 -1 67 -1 72 -1 73 -1 74 -1 -2
23 -1 24 -1 91 -1 74 -1 61 -1 -2
16 -1 6 -1 83 -1 50 -1 47 -1 -2
25 -1 28 -1 31 -1 9 -1 73 -1 -2
66 -1 69 -1 71 -1 72 -1 73 -1 -2
66 -1 69 -1 71 -1 72 -1 73 -1 -2
62 -1 69 -1 71 -1 72 -1 73 -1 -2
73 -1 27 -1 28 -1 60 -1 66 -1 -2
77 -1 48 -1 49 -1 67 -1 69 -1 -2
44 -1 41 -1 79 -1 49 -1 51 -1 -2
59 -1 63 -1 64 -1 65 -1 70 -1 -2
67 -1 69 -1 73 -1 77 -1 66 -1 -2
74 -1 15 -1 25 -1 92 -1 49 -1 -2
28 -1 6 -1 57 -1 51 -1 74 -1 -2
73 -1 74 -1 27 -1 29 -1 74 -1 -2
66 -1 67 -1 71 -1 72 -1 73 -1 -2
45 -1 46 -1 76 -1 62 -1 70 -1 -2
69 -1 73 -1 37 -1 9 -1 66 -1 -2
74 -1 92 -1 12 -1 55 -1 91 -1 -2
67 -1 69 -1 70 -1 71 -1 12 -1 -2
66 -1 70 -1 71 -1 72 -1 73 -1 -2
89 -1 90 -1 91 -1 92 -1 66 -1 -2
13 -1 47 -1 54 -1 61 -1 67 -1 -2
30 -1 31 -1 47 -1 16 -1 16 -1 -2
79 -1 51 -1 58 -1 64 -1 71 -1 -2
66 -1 67 -1 74 -1 2 -1 74 -1 -2
77 -1 49 -1 55 -1 58 -1 67 -1 -2
67 -1 69 -1 71 -1 92 -1 12 -1 -2
55 -1 56 -1 58 -1 62 -1 63 -1 -2
59 -1 63 -1 64 -1 65 -1 66 -1 -2
66 -1 67 -1 21 -1 28 -1 61 -1 -2
48 -1 61 -1 20 -1 21 -1 28 -1 -2
61 -1 65 -1 70 -1 71 -1 72 -1 -2
67 -1 69 -1 73 -1 74 -1 44 -1 -2
22 -1 24 -1 35 -1 2 -1 80 -1 -2
73 -1 74 -1 12 -1 29 -1 28 -1 -2
49 -1 60 -1 61 -1 66 -1 67 -1 -2
61 -1 66 -1 67 -1 73 -1 74 -1 -2
11 -1 90 -1 67 -1 11 -1 90 -1 -2
48 -1 61 -1 12 -1 92 -1 74 -1 -2
81 -1 91 -1 77 -1 61 -1 67 -1 -2
28 -1 32 -1 41 -1 76 -1 24 -1 -2
102 -1 43 -1 91 -1 48 -1 54 -1 -2
30 -1 76 -1 77 -1 48 -1 54 -1 -2
72 -1 73 -1 12 -1 30 -1 65 -1 -2
20 -1 48 -1 13 -1 20 -1 5 -1 -2
66 -1 72 -1 73 -1 74 -1 43 -1 -2
21 -1 28 -1 11 -1 49 -1 72 -1 -2
58 -1 64 -1 53 -1 60 -1 66 -1 -2
76 -1 48 -1 53 -1 54 -1 61 -1 -2
55 -1 58 -1 62 -1 64 -1 71 -1 -2
74 -1 70 -1 12 -1 12 -1 49 -1 -2
50 -1 56 -1 90 -1 91 -1 92 -1 -2
55 -1 56 -1 62 -1 63 -1 69 -1 -2
20 -1 61 -1 67 -1 12 -1 21 -1 -2
72 -1 73 -1 74 -1 31 -1 67 -1 -2
67 -1 69 -1 71 -1 72 -1 73 -1 -2
60 -1 62 -1 63 -1 66 -1 69 -1 -2
60 -1 61 -1 62 -1 63 -1 69 -1 -2
79 -1 80 -1 51 -1 55 -1 62 -1 -2
76 -1 48 -1 54 -1 60 -1 66 -1 -2
70 -1 71 -1 72 -1 73 -1 74 -1 -2
92 -1 43 -1 75 -1 76 -1 74 -1 -2
58 -1 62 -1 63 -1 64 -1 69 -1 -2
71 -1 72 -1 73 -1 74 -1 92 -1 -2
5 -1 55 -1 56 -1 60 -1 65 -1 -2
55 -1 67 -1 49 -1 21 -1 28 -1 -2
66 -1 73 -1 60 -1 66 -1 73 -1 -2
74 -1 49 -1 54 -1 66 -1 73 -1 -2
59 -1 62 -1 64 -1 69 -1 49 -1 -2
58 -1 59 -1 63 -1 64 -1 65 -1 -2
65 -1 70 -1 71 -1 72 -1 73 -1 -2
69 -1 71 -1 72 -1 73 -1 74 -1 -2
57 -1 79 -1 71 -1 89 -1 90 -1 -2
64 -1 65 -1 66 -1 67 -1 74 -1 -2
75 -1 76 -1 72 -1 73 -1 24 -1 -2
58 -1 62 -1 70 -1 71 -1 74 -1 -2
49 -1 54 -1 55 -1 61 -1 74 -1 -2
71 -1 72 -1 73 -1 74 -1 74 -1 -2
56 -1 58 -1 63 -1 64 -1 69 -1 -2
5 -1 10 -1 82 -1 89 -1 51 -1 -2
54 -1 55 -1 56 -1 59 -1 62 -1 -2
92 -1 48 -1 54 -1 61 -1 71 -1 -2
72 -1 73 -1 11 -1 71 -1 74 -1 -2
13 -1 22 -1 24 -1 6 -1 89 -1 -2
28 -1 67 -1 43 -1 28 -1 11 -1 -2
70 -1 71 -1 72 -1 73 -1 74 -1 -2
67 -1 73 -1 28 -1 92 -1 49 -1 -2
63 -1 65 -1 69 -1 73 -1 74 -1 -2
67 -1 69 -1 71 -1 72 -1 73 -1 -2
73 -1 12 -1 12 -1 76 -1 77 -1 -2
60 -1 66 -1 72 -1 73 -1 74 -1 -2
52 -1 56 -1 59 -1 63 -1 65 -1 -2
2 -1 11 -1 90 -1 76 -1 70 -1 -2
73 -1 74 -1 76 -1 43 -1 79 -1 -2
56 -1 61 -1 63 -1 67 -1 74 -1 -2
12 -1 12 -1 29 -1 30 -1 31 -1 -2
55 -1 59 -1 62 -1 64 -1 69 -1 -2
65 -1 66 -1 67 -1 69 -1 73 -1 -2
24 -1 86 -1 43 -1 24 -1 91 -1 -2
59 -1 65 -1 66 -1 69 -1 29 -1 -2
40 -1 5 -1 92 -1 77 -1 47 -1 -2
54 -1 60 -1 61 -1 66 -1 73 -1 -2
77 -1 66 -1 72 -1 73 -1 74 -1 -2
59 -1 63 -1 64 -1 65 -1 69 -1 -2
29 -1 77 -1 67 -1 77 -1 49 -1 -2
52 -1 58 -1 71 -1 12 -1 21 -1 -2
73 -1 74 -1 20 -1 21 -1 23 -1 -2
59 -1 60 -1 65 -1 66 -1 73 -1 -2
13 -1 5 -1 79 -1 73 -1 74 -1 -2
19 -1 28 -1 73 -1 57 -1 75 -1 -2
62 -1 65 -1 67 -1 69 -1 74 -1 -2
80 -1 50 -1 56 -1 59 -1 62 -1 -2
12 -1 44 -1 68 -1 75 -1 47 -1 -2
21 -1 29 -1 43 -1 43 -1 12 -1 -2
60 -1 61 -1 66 -1 74 -1 47 -1 -2
77 -1 80 -1 54 -1 59 -1 80 -1 -2
67 -1 69 -1 70 -1 71 -1 72 -1 -2
48 -1 49 -1 54 -1 67 -1 74 -1 -2
70 -1 71 -1 72 -1 73 -1 74 -1 -2
70 -1 71 -1 72 -1 73 -1 74 -1 -2
20 -1 21 -1 22 -1 28 -1 11 -1 -2
70 -1 71 -1 72 -1 73 -1 74 -1 -2
66 -1 69 -1 70 -1 71 -1 72 -1 -2
62 -1 65 -1 66 -1 70 -1 71 -1 -2
68 -1 76 -1 62 -1 70 -1 71 -1 -2
70 -1 71 -1 72 -1 73 -1 74 -1 -2
60 -1 62 -1 63 -1 69 -1 74 -1 -2
20 -1 21 -1 28 -1 68 -1 62 -1 -2
26 -1 89 -1 67 -1 73 -1 74 -1 -2
81 -1 68 -1 75 -1 77 -1 49 -1 -2
68 -1 77 -1 79 -1 51 -1 58 -1 -2
65 -1 66 -1 71 -1 72 -1 73 -1 -2
65 -1 66 -1 67 -1 69 -1 70 -1 -2
75 -1 76 -1 72 -1 90 -1 74 -1 -2
73 -1 20 -1 28 -1 74 -1 66 -1 -2
60 -1 63 -1 64 -1 66 -1 73 -1 -2
92 -1 76 -1 61 -1 67 -1 74 -1 -2
49 -1 43 -1 41 -1 11 -1 76 -1 -2
11 -1 87 -1 57 -1 71 -1 72 -1 -2
69 -1 72 -1 12 -1 36 -1 48 -1 -2
74 -1 12 -1 53 -1 60 -1 66 -1 -2
59 -1 65 -1 71 -1 72 -1 73 -1 -2
60 -1 61 -1 66 -1 67 -1 69 -1 -2
59 -1 65 -1 67 -1 70 -1 71 -1 -2
77 -1 58 -1 64 -1 69 -1 70 -1 -2
77 -1 49 -1 55 -1 67 -1 69 -1 -2
66 -1 70 -1 71 -1 72 -1 73 -1 -2
77 -1 60 -1 66 -1 67 -1 73 -1 -2
70 -1 71 -1 72 -1 73 -1 74 -1 -2
1 -1 81 -1 75 -1 77 -1 62 -1 -2
102 -1 43 -1 9 -1 81 -1 62 -1 -2
70 -1 71 -1 72 -1 73 -1 74 -1 -2
66 -1 73 -1 74 -1 12 -1 74 -1 -2
89 -1 90 -1 91 -1 92 -1 76 -1 -2
76 -1 54 -1 61 -1 67 -1 74 -1 -2
67 -1 71 -1 72 -1 73 -1 74 -1 -2
67 -1 38 -1 53 -1 61 -1 74 -1 -2
52 -1 59 -1 61 -1 65 -1 66 -1 -2
102 -1 19 -1 20 -1 43 -1 24 -1 -2
11 -1 19 -1 28 -1 65 -1 66 -1 -2
48 -1 53 -1 54 -1 61 -1 28 -1 -2
92 -1 78 -1 73 -1 101 -1 88 -1 -2
99 -1 75 -1 77 -1 62 -1 69 -1 -2
65 -1 66 -1 72 -1 73 -1 74 -1 -2
70 -1 71 -1 72 -1 73 -1 74 -1 -2
66 -1 67 -1 69 -1 73 -1 74 -1 -2
90 -1 47 -1 53 -1 60 -1 69 -1 -2
66 -1 70 -1 71 -1 72 -1 73 -1 -2
66 -1 72 -1 73 -1 74 -1 89 -1 -2
58 -1 63 -1 67 -1 70 -1 71 -1 -2
59 -1 60 -1 61 -1 65 -1 67 -1 -2
65 -1 66 -1 67 -1 69 -1 74 -1 -2
28 -1 77 -1 12 -1 89 -1 63 -1 -2
55 -1 56 -1 62 -1 67 -1 70 -1 -2
22 -1 48 -1 54 -1 61 -1 67 -1 -2
48 -1 54 -1 61 -1 60 -1 66 -1 -2
59 -1 60 -1 63 -1 65 -1 66 -1 -2
61 -1 66 -1 67 -1 73 -1 74 -1 -2
69 -1 70 -1 71 -1 72 -1 73 -1 -2
53 -1 62 -1 66 -1 72 -1 73 -1 -2
76 -1 28 -1 76 -1 61 -1 12 -1 -2
45 -1 76 -1 48 -1 54 -1 69 -1 -2
60 -1 61 -1 65 -1 67 -1 74 -1 -2
66 -1 73 -1 60 -1 66 -1 73 -1 -2
20 -1 21 -1 28 -1 68 -1 61 -1 -2
72 -1 73 -1 74 -1 91 -1 47 -1 -2
55 -1 90 -1 91 -1 92 -1 82 -1 -2
43 -1 5 -1 68 -1 77 -1 54 -1 -2
65 -1 66 -1 70 -1 71 -1 72 -1 -2
66 -1 67 -1 73 -1 66 -1 67 -1 -2
70 -1 71 -1 72 -1 73 -1 74 -1 -2
73 -1 74 -1 80 -1 52 -1 59 -1 -2
78 -1 79 -1 49 -1 69 -1 74 -1 -2
23 -1 45 -1 57 -1 67 -1 74 -1 -2
67 -1 69 -1 72 -1 73 -1 74 -1 -2
66 -1 67 -1 72 -1 73 -1 74 -1 -2
48 -1 53 -1 54 -1 60 -1 66 -1 -2
85 -1 86 -1 78 -1 50 -1 56 -1 -2
76 -1 48 -1 54 -1 41 -1 54 -1 -2
67 -1 69 -1 70 -1 71 -1 74 -1 -2
5 -1 46 -1 79 -1 56 -1 69 -1 -2
60 -1 63 -1 64 -1 67 -1 73 -1 -2
24 -1 90 -1 91 -1 92 -1 77 -1 -2
54 -1 48 -1 20 -1 21 -1 28 -1 -2
94 -1 95 -1 66 -1 71 -1 72 -1 -2
55 -1 70 -1 15 -1 25 -1 5 -1 -2
67 -1 20 -1 21 -1 43 -1 28 -1 -2
91 -1 92 -1 77 -1 50 -1 56 -1 -2
63 -1 64 -1 65 -1 66 -1 73 -1 -2
69 -1 70 -1 71 -1 72 -1 73 -1 -2
47 -1 47 -1 48 -1 24 -1 43 -1 -2
67 -1 69 -1 11 -1 43 -1 65 -1 -2
69 -1 71 -1 72 -1 73 -1 43 -1 -2
54 -1 60 -1 61 -1 67 -1 74 -1 -2
49 -1 55 -1 72 -1 73 -1 74 -1 -2
65 -1 66 -1 67 -1 72 -1 73 -1 -2
27 -1 5 -1 81 -1 77 -1 48 -1 -2
19 -1 20 -1 21 -1 27 -1 28 -1 -2
10 -1 63 -1 65 -1 69 -1 71 -1 -2
87 -1 76 -1 77 -1 47 -1 49 -1 -2
69 -1 71 -1 72 -1 73 -1 74 -1 -2
11 -1 82 -1 89 -1 76 -1 67 -1 -2
65 -1 67 -1 69 -1 72 -1 74 -1 -2
50 -1 51 -1 58 -1 77 -1 74 -1 -2
64 -1 65 -1 66 -1 51 -1 58 -1 -2
25 -1 35 -1 45 -1 66 -1 74 -1 -2
65 -1 66 -1 71 -1 40 -1 64 -1 -2
65 -1 66 -1 67 -1 73 -1 74 -1 -2
58 -1 62 -1 64 -1 70 -1 71 -1 -2
59 -1 61 -1 65 -1 66 -1 73 -1 -2
70 -1 71 -1 72 -1 73 -1 74 -1 -2
79 -1 48 -1 66 -1 71 -1 73 -1 -2
70 -1 71 -1 72 -1 73 -1 74 -1 -2
75 -1 76 -1 48 -1 67 -1 73 -1 -2
55 -1 56 -1 62 -1 69 -1 70 -1 -2
20 -1 21 -1 90 -1 29 -1 43 -1 -2
63 -1 64 -1 65 -1 70 -1 71 -1 -2
66 -1 70 -1 71 -1 72 -1 73 -1 -2
64 -1 65 -1 70 -1 71 -1 74 -1 -2
67 -1 70 -1 71 -1 72 -1 73 -1 -2
16 -1 43 -1 5 -1 78 -1 79 -1 -2
27 -1 19 -1 18 -1 90 -1 18 -1 -2
62 -1 63 -1 67 -1 69 -1 70 -1 -2
57 -1 51 -1 52 -1 58 -1 64 -1 -2
62 -1 67 -1 69 -1 72 -1 73 -1 -2
66 -1 69 -1 71 -1 72 -1 73 -1 -2
78 -1 49 -1 50 -1 62 -1 38 -1 -2
47 -1 31 -1 21 -1 29 -1 29 -1 -2
72 -1 73 -1 74 -1 92 -1 54 -1 -2
58 -1 69 -1 47 -1 47 -1 47 -1 -2
24 -1 1 -1 81 -1 77 -1 49 -1 -2
79 -1 47 -1 48 -1 49 -1 54 -1 -2
43 -1 28 -1 13 -1 22 -1 11 -1 -2
51 -1 53 -1 58 -1 60 -1 64 -1 -2
56 -1 62 -1 65 -1 49 -1 65 -1 -2
25 -1 89 -1 59 -1 61 -1 67 -1 -2
70 -1 71 -1 72 -1 73 -1 74 -1 -2
66 -1 69 -1 70 -1 71 -1 72 -1 -2
72 -1 13 -1 22 -1 92 -1 66 -1 -2
61 -1 67 -1 74 -1 12 -1 47 -1 -2
49 -1 51 -1 58 -1 64 -1 73 -1 -2
11 -1 92 -1 54 -1 61 -1 48 -1 -2
11 -1 74 -1 54 -1 61 -1 67 -1 -2
4 -1 45 -1 77 -1 79 -1 69 -1 -2
71 -1 73 -1 15 -1 25 -1 90 -1 -2
48 -1 54 -1 71 -1 89 -1 2 -1 -2
64 -1 65 -1 70 -1 71 -1 21 -1 -2
62 -1 70 -1 49 -1 90 -1 12 -1 -2
28 -1 60 -1 66 -1 69 -1 73 -1 -2
23 -1 24 -1 25 -1 47 -1 53 -1 -2
87 -1 75 -1 76 -1 77 -1 49 -1 -2
58 -1 59 -1 60 -1 66 -1 67 -1 -2
61 -1 62 -1 67 -1 69 -1 74 -1 -2
69 -1 70 -1 71 -1 72 -1 73 -1 -2
67 -1 70 -1 29 -1 30 -1 21 -1 -2
4 -1 1 -1 81 -1 75 -1 77 -1 -2
54 -1 62 -1 69 -1 14 -1 23 -1 -2
49 -1 55 -1 62 -1 70 -1 71 -1 -2
66 -1 67 -1 72 -1 73 -1 74 -1 -2
43 -1 26 -1 27 -1 49 -1 55 -1 -2
92 -1 67 -1 20 -1 28 -1 62 -1 -2
70 -1 71 -1 72 -1 73 -1 74 -1 -2
69 -1 70 -1 71 -1 72 -1 73 -1 -2
24 -1 91 -1 21 -1 27 -1 28 -1 -2
74 -1 43 -1 27 -1 28 -1 48 -1 -2
56 -1 59 -1 62 -1 63 -1 65 -1 -2
49 -1 50 -1 51 -1 56 -1 58 -1 -2
70 -1 71 -1 72 -1 73 -1 74 -1 -2
70 -1 71 -1 72 -1 73 -1 74 -1 -2
70 -1 71 -1 72 -1 73 -1 12 -1 -2
34 -1 91 -1 18 -1 90 -1 61 -1 -2
66 -1 90 -1 43 -1 12 -1 43 -1 -2
48 -1 53 -1 54 -1 61 -1 21 -1 -2
65 -1 66 -1 70 -1 24 -1 60 -1 -2
65 -1 66 -1 67 -1 70 -1 74 -1 -2
61 -1 67 -1 71 -1 72 -1 73 -1 -2
79 -1 50 -1 51 -1 58 -1 62 -1 -2
24 -1 25 -1 6 -1 11 -1 78 -1 -2
11 -1 85 -1 77 -1 49 -1 70 -1 -2
29 -1 47 -1 12 -1 49 -1 23 -1 -2
58 -1 64 -1 65 -1 71 -1 72 -1 -2
53 -1 60 -1 66 -1 67 -1 73 -1 -2
65 -1 66 -1 67 -1 69 -1 73 -1 -2
78 -1 50 -1 56 -1 63 -1 69 -1 -2
67 -1 69 -1 71 -1 74 -1 12 -1 -2
12 -1 47 -1 13 -1 11 -1 49 -1 -2
47 -1 54 -1 61 -1 67 -1 74 -1 -2
11 -1 54 -1 61 -1 67 -1 74 -1 -2
52 -1 59 -1 61 -1 74 -1 43 -1 -2
60 -1 62 -1 66 -1 69 -1 73 -1 -2
52 -1 58 -1 59 -1 64 -1 65 -1 -2
66 -1 71 -1 72 -1 73 -1 74 -1 -2
21 -1 21 -1 67 -1 20 -1 21 -1 -2
92 -1 62 -1 25 -1 75 -1 62 -1 -2
56 -1 58 -1 60 -1 61 -1 67 -1 -2
22 -1 81 -1 87 -1 89 -1 77 -1 -2
70 -1 71 -1 72 -1 73 -1 74 -1 -2
78 -1 47 -1 50 -1 56 -1 63 -1 -2
76 -1 78 -1 79 -1 50 -1 51 -1 -2
65 -1 69 -1 70 -1 71 -1 72 -1 -2
29 -1 7 -1 58 -1 12 -1 29 -1 -2
48 -1 49 -1 50 -1 56 -1 74 -1 -2
24 -1 38 -1 39 -1 40 -1 5 -1 -2
90 -1 77 -1 55 -1 62 -1 69 -1 -2
76 -1 79 -1 71 -1 72 -1 73 -1 -2
77 -1 65 -1 69 -1 72 -1 73 -1 -2
66 -1 67 -1 72 -1 73 -1 74 -1 -2
49 -1 54 -1 61 -1 72 -1 73 -1 -2
72 -1 73 -1 12 -1 67 -1 74 -1 -2
77 -1 79 -1 48 -1 51 -1 58 -1 -2
71 -1 72 -1 73 -1 74 -1 29 -1 -2
66 -1 71 -1 72 -1 73 -1 74 -1 -2
80 -1 47 -1 50 -1 61 -1 67 -1 -2
48 -1 54 -1 61 -1 48 -1 61 -1 -2
60 -1 66 -1 67 -1 72 -1 73 -1 -2
45 -1 76 -1 60 -1 62 -1 66 -1 -2
67 -1 16 -1 23 -1 78 -1 50 -1 -2
63 -1 64 -1 69 -1 70 -1 71 -1 -2
28 -1 87 -1 75 -1 61 -1 70 -1 -2
48 -1 54 -1 2 -1 67 -1 12 -1 -2
11 -1 73 -1 25 -1 48 -1 71 -1 -2
78 -1 49 -1 50 -1 54 -1 12 -1 -2
70 -1 71 -1 72 -1 73 -1 74 -1 -2
16 -1 22 -1 24 -1 25 -1 77 -1 -2
57 -1 79 -1 51 -1 58 -1 64 -1 -2
91 -1 92 -1 76 -1 43 -1 12 -1 -2
61 -1 62 -1 64 -1 69 -1 71 -1 -2
65 -1 66 -1 69 -1 70 -1 71 -1 -2
67 -1 74 -1 12 -1 34 -1 90 -1 -2
102 -1 19 -1 43 -1 28 -1 74 -1 -2
66 -1 69 -1 70 -1 71 -1 73 -1 -2
51 -1 2 -1 34 -1 92 -1 92 -1 -2
53 -1 59 -1 60 -1 66 -1 73 -1 -2
52 -1 58 -1 59 -1 64 -1 30 -1 -2
92 -1 67 -1 73 -1 74 -1 67 -1 -2
66 -1 18 -1 19 -1 27 -1 34 -1 -2
53 -1 54 -1 69 -1 70 -1 71 -1 -2
51 -1 57 -1 79 -1 51 -1 58 -1 -2
88 -1 89 -1 90 -1 70 -1 71 -1 -2
71 -1 72 -1 73 -1 20 -1 73 -1 -2
91 -1 45 -1 77 -1 58 -1 73 -1 -2
64 -1 65 -1 67 -1 69 -1 70 -1 -2
38 -1 11 -1 12 -1 89 -1 12 -1 -2
64 -1 69 -1 70 -1 71 -1 72 -1 -2
59 -1 60 -1 61 -1 67 -1 69 -1 -2
49 -1 55 -1 56 -1 62 -1 69 -1 -2
6 -1 59 -1 62 -1 43 -1 74 -1 -2
72 -1 73 -1 74 -1 12 -1 22 -1 -2
67 -1 73 -1 74 -1 28 -1 74 -1 -2
51 -1 12 -1 24 -1 25 -1 49 -1 -2
58 -1 59 -1 62 -1 63 -1 64 -1 -2
79 -1 62 -1 14 -1 23 -1 11 -1 -2
6 -1 7 -1 58 -1 59 -1 65 -1 -2
71 -1 72 -1 102 -1 43 -1 77 -1 -2
70 -1 71 -1 72 -1 73 -1 74 -1 -2
86 -1 87 -1 88 -1 71 -1 72 -1 -2
60 -1 61 -1 67 -1 74 -1 21 -1 -2
92 -1 60 -1 63 -1 12 -1 23 -1 -2
5 -1 8 -1 65 -1 72 -1 73 -1 -2
88 -1 89 -1 18 -1 19 -1 38 -1 -2
34 -1 13 -1 22 -1 92 -1 49 -1 -2
67 -1 71 -1 72 -1 73 -1 74 -1 -2
66 -1 69 -1 70 -1 71 -1 72 -1 -2
91 -1 92 -1 47 -1 33 -1 35 -1 -2
64 -1 69 -1 72 -1 73 -1 92 -1 -2
21 -1 65 -1 21 -1 87 -1 54 -1 -2
64 -1 65 -1 66 -1 74 -1 28 -1 -2
59 -1 18 -1 19 -1 20 -1 21 -1 -2
58 -1 62 -1 63 -1 64 -1 69 -1 -2
93 -1 89 -1 46 -1 78 -1 62 -1 -2
60 -1 61 -1 66 -1 70 -1 71 -1 -2
55 -1 56 -1 60 -1 62 -1 74 -1 -2
25 -1 31 -1 28 -1 31 -1 90 -1 -2
58 -1 62 -1 64 -1 69 -1 71 -1 -2
61 -1 62 -1 65 -1 66 -1 73 -1 -2
49 -1 50 -1 56 -1 58 -1 63 -1 -2
92 -1 16 -1 13 -1 28 -1 74 -1 -2
70 -1 71 -1 72 -1 73 -1 74 -1 -2
92 -1 53 -1 54 -1 66 -1 69 -1 -2
67 -1 70 -1 71 -1 72 -1 74 -1 -2
59 -1 65 -1 18 -1 27 -1 27 -1 -2
28 -1 48 -1 54 -1 67 -1 21 -1 -2
72 -1 73 -1 27 -1 18 -1 21 -1 -2
67 -1 70 -1 71 -1 74 -1 74 -1 -2
80 -1 47 -1 49 -1 52 -1 55 -1 -2
58 -1 64 -1 67 -1 28 -1 13 -1 -2
73 -1 74 -1 74 -1 89 -1 74 -1 -2
23 -1 24 -1 90 -1 91 -1 92 -1 -2
12 -1 47 -1 54 -1 61 -1 12 -1 -2
6 -1 87 -1 90 -1 77 -1 67 -1 -2
76 -1 77 -1 50 -1 56 -1 70 -1 -2
54 -1 56 -1 63 -1 67 -1 70 -1 -2
69 -1 70 -1 71 -1 72 -1 73 -1 -2
71 -1 72 -1 73 -1 74 -1 21 -1 -2
53 -1 54 -1 60 -1 61 -1 66 -1 -2
4 -1 1 -1 81 -1 45 -1 77 -1 -2
73 -1 74 -1 90 -1 91 -1 92 -1 -2
52 -1 58 -1 64 -1 71 -1 74 -1 -2
5 -1 10 -1 75 -1 76 -1 62 -1 -2
63 -1 64 -1 69 -1 70 -1 71 -1 -2
21 -1 27 -1 28 -1 81 -1 76 -1 -2
77 -1 79 -1 48 -1 51 -1 61 -1 -2
28 -1 30 -1 60 -1 66 -1 74 -1 -2
67 -1 69 -1 74 -1 61 -1 67 -1 -2
47 -1 48 -1 54 -1 67 -1 71 -1 -2
19 -1 27 -1 1 -1 45 -1 12 -1 -2
68 -1 75 -1 72 -1 21 -1 25 -1 -2
57 -1 79 -1 51 -1 58 -1 64 -1 -2
74 -1 24 -1 40 -1 56 -1 63 -1 -2
52 -1 59 -1 62 -1 69 -1 74 -1 -2
65 -1 66 -1 69 -1 72 -1 73 -1 -2
71 -1 73 -1 12 -1 76 -1 12 -1 -2
61 -1 66 -1 67 -1 73 -1 74 -1 -2
92 -1 57 -1 47 -1 102 -1 43 -1 -2
71 -1 72 -1 73 -1 74 -1 48 -1 -2
66 -1 67 -1 69 -1 73 -1 74 -1 -2
46 -1 57 -1 78 -1 54 -1 73 -1 -2
66 -1 72 -1 73 -1 74 -1 91 -1 -2
70 -1 71 -1 72 -1 73 -1 74 -1 -2
66 -1 70 -1 71 -1 72 -1 73 -1 -2
70 -1 71 -1 72 -1 73 -1 74 -1 -2
74 -1 21 -1 28 -1 12 -1 47 -1 -2
80 -1 49 -1 50 -1 55 -1 70 -1 -2
24 -1 15 -1 20 -1 23 -1 23 -1 -2
70 -1 71 -1 72 -1 73 -1 74 -1 -2
19 -1 20 -1 21 -1 22 -1 60 -1 -2
89 -1 51 -1 58 -1 62 -1 70 -1 -2
91 -1 92 -1 71 -1 73 -1 47 -1 -2
58 -1 61 -1 63 -1 67 -1 74 -1 -2
70 -1 71 -1 72 -1 73 -1 74 -1 -2
92 -1 54 -1 58 -1 61 -1 67 -1 -2
58 -1 61 -1 62 -1 64 -1 72 -1 -2
79 -1 47 -1 47 -1 67 -1 47 -1 -2
61 -1 67 -1 74 -1 19 -1 76 -1 -2
60 -1 61 -1 66 -1 73 -1 74 -1 -2
1 -1 81 -1 92 -1 76 -1 77 -1 -2
67 -1 71 -1 72 -1 73 -1 74 -1 -2
70 -1 71 -1 19 -1 54 -1 61 -1 -2
55 -1 61 -1 62 -1 69 -1 70 -1 -2
70 -1 71 -1 72 -1 92 -1 73 -1 -2
28 -1 44 -1 37 -1 12 -1 12 -1 -2
60 -1 65 -1 66 -1 72 -1 73 -1 -2
77 -1 49 -1 58 -1 64 -1 65 -1 -2
70 -1 71 -1 72 -1 73 -1 74 -1 -2
65 -1 72 -1 73 -1 74 -1 74 -1 -2
28 -1 5 -1 97 -1 67 -1 74 -1 -2
19 -1 26 -1 27 -1 61 -1 67 -1 -2
63 -1 64 -1 69 -1 70 -1 71 -1 -2
39 -1 39 -1 21 -1 21 -1 74 -1 -2
54 -1 61 -1 67 -1 69 -1 21 -1 -2
48 -1 51 -1 58 -1 69 -1 70 -1 -2
61 -1 66 -1 67 -1 73 -1 74 -1 -2
80 -1 51 -1 52 -1 58 -1 70 -1 -2
60 -1 65 -1 66 -1 67 -1 43 -1 -2
21 -1 21 -1 12 -1 92 -1 12 -1 -2
67 -1 69 -1 72 -1 73 -1 74 -1 -2
49 -1 61 -1 33 -1 41 -1 48 -1 -2
74 -1 21 -1 24 -1 91 -1 48 -1 -2
70 -1 71 -1 72 -1 73 -1 74 -1 -2
72 -1 73 -1 54 -1 80 -1 74 -1 -2
60 -1 47 -1 47 -1 47 -1 47 -1 -2
65 -1 67 -1 71 -1 72 -1 73 -1 -2
15 -1 22 -1 23 -1 24 -1 90 -1 -2
65 -1 66 -1 70 -1 71 -1 72 -1 -2
34 -1 86 -1 78 -1 61 -1 69 -1 -2
41 -1 54 -1 61 -1 67 -1 67 -1 -2
94 -1 52 -1 59 -1 71 -1 52 -1 -2
70 -1 74 -1 92 -1 54 -1 69 -1 -2
69 -1 71 -1 72 -1 73 -1 74 -1 -2
78 -1 80 -1 50 -1 56 -1 62 -1 -2
56 -1 60 -1 61 -1 67 -1 74 -1 -2
72 -1 73 -1 74 -1 21 -1 30 -1 -2
59 -1 60 -1 63 -1 65 -1 66 -1 -2
62 -1 64 -1 70 -1 28 -1 12 -1 -2
26 -1 89 -1 18 -1 19 -1 26 -1 -2
78 -1 79 -1 50 -1 51 -1 56 -1 -2
59 -1 63 -1 64 -1 65 -1 70 -1 -2
70 -1 71 -1 72 -1 73 -1 74 -1 -2
79 -1 80 -1 47 -1 52 -1 67 -1 -2
5 -1 89 -1 62 -1 65 -1 37 -1 -2
52 -1 54 -1 66 -1 67 -1 74 -1 -2
38 -1 41 -1 6 -1 87 -1 51 -1 -2
60 -1 62 -1 63 -1 65 -1 66 -1 -2
64 -1 65 -1 70 -1 71 -1 72 -1 -2
98 -1 80 -1 47 -1 52 -1 59 -1 -2
73 -1 74 -1 102 -1 43 -1 41 -1 -2
57 -1 77 -1 72 -1 73 -1 60 -1 -2
67 -1 71 -1 73 -1 13 -1 92 -1 -2
71 -1 72 -1 73 -1 47 -1 12 -1 -2
43 -1 43 -1 31 -1 43 -1 43 -1 -2
20 -1 24 -1 34 -1 2 -1 20 -1 -2
49 -1 70 -1 12 -1 32 -1 61 -1 -2
65 -1 66 -1 67 -1 73 -1 74 -1 -2
91 -1 92 -1 54 -1 90 -1 91 -1 -2
69 -1 70 -1 71 -1 72 -1 73 -1 -2
92 -1 66 -1 71 -1 73 -1 74 -1 -2
90 -1 57 -1 72 -1 73 -1 74 -1 -2
62 -1 63 -1 64 -1 70 -1 71 -1 -2
67 -1 69 -1 72 -1 73 -1 74 -1 -2
64 -1 70 -1 71 -1 72 -1 73 -1 -2
61 -1 62 -1 64 -1 67 -1 72 -1 -2
68 -1 61 -1 40 -1 48 -1 40 -1 -2
70 -1 71 -1 72 -1 73 -1 74 -1 -2
59 -1 61 -1 70 -1 71 -1 72 -1 -2
70 -1 71 -1 72 -1 91 -1 54 -1 -2
60 -1 61 -1 65 -1 66 -1 67 -1 -2
57 -1 79 -1 51 -1 58 -1 64 -1 -2
65 -1 66 -1 29 -1 102 -1 43 -1 -2
65 -1 69 -1 70 -1 71 -1 72 -1 -2
72 -1 73 -1 28 -1 91 -1 30 -1 -2
64 -1 86 -1 48 -1 39 -1 60 -1 -2
63 -1 64 -1 69 -1 70 -1 71 -1 -2
90 -1 68 -1 59 -1 72 -1 73 -1 -2
72 -1 73 -1 74 -1 27 -1 28 -1 -2
87 -1 88 -1 80 -1 52 -1 59 -1 -2
22 -1 82 -1 93 -1 49 -1 55 -1 -2
102 -1 43 -1 68 -1 74 -1 43 -1 -2
20 -1 12 -1 13 -1 92 -1 48 -1 -2
60 -1 71 -1 72 -1 73 -1 30 -1 -2
77 -1 49 -1 60 -1 69 -1 70 -1 -2
48 -1 54 -1 61 -1 67 -1 74 -1 -2
32 -1 38 -1 39 -1 41 -1 1 -1 -2
41 -1 93 -1 94 -1 95 -1 47 -1 -2
69 -1 70 -1 71 -1 72 -1 74 -1 -2
16 -1 24 -1 25 -1 34 -1 77 -1 -2
64 -1 65 -1 66 -1 69 -1 74 -1 -2
11 -1 82 -1 93 -1 94 -1 96 -1 -2
46 -1 56 -1 63 -1 69 -1 70 -1 -2
70 -1 71 -1 72 -1 73 -1 74 -1 -2
43 -1 80 -1 52 -1 61 -1 67 -1 -2
60 -1 63 -1 69 -1 70 -1 71 -1 -2
2 -1 58 -1 59 -1 12 -1 12 -1 -2
48 -1 54 -1 61 -1 12 -1 44 -1 -2
63 -1 64 -1 69 -1 70 -1 71 -1 -2
27 -1 54 -1 61 -1 67 -1 74 -1 -2
66 -1 67 -1 72 -1 73 -1 74 -1 -2
67 -1 43 -1 67 -1 74 -1 43 -1 -2
28 -1 76 -1 47 -1 60 -1 74 -1 -2
73 -1 74 -1 15 -1 24 -1 54 -1 -2
62 -1 63 -1 70 -1 13 -1 29 -1 -2
67 -1 69 -1 44 -1 48 -1 54 -1 -2
48 -1 71 -1 11 -1 67 -1 12 -1 -2
76 -1 77 -1 78 -1 50 -1 70 -1 -2
71 -1 72 -1 73 -1 74 -1 67 -1 -2
65 -1 66 -1 67 -1 69 -1 61 -1 -2
32 -1 39 -1 2 -1 94 -1 57 -1 -2
61 -1 62 -1 63 -1 69 -1 70 -1 -2
69 -1 70 -1 71 -1 12 -1 40 -1 -2
1 -1 45 -1 48 -1 54 -1 12 -1 -2
80 -1 51 -1 52 -1 12 -1 21 -1 -2
77 -1 43 -1 26 -1 27 -1 77 -1 -2
68 -1 76 -1 80 -1 52 -1 59 -1 -2
62 -1 63 -1 64 -1 12 -1 12 -1 -2
67 -1 69 -1 70 -1 71 -1 92 -1 -2
16 -1 43 -1 24 -1 39 -1 1 -1 -2
54 -1 60 -1 61 -1 67 -1 74 -1 -2
94 -1 47 -1 13 -1 41 -1 87 -1 -2
28 -1 10 -1 72 -1 73 -1 61 -1 -2
56 -1 59 -1 63 -1 65 -1 66 -1 -2
22 -1 24 -1 25 -1 2 -1 50 -1 -2
12 -1 14 -1 23 -1 1 -1 45 -1 -2
61 -1 63 -1 70 -1 71 -1 72 -1 -2
92 -1 75 -1 48 -1 22 -1 12 -1 -2
70 -1 71 -1 72 -1 73 -1 74 -1 -2
73 -1 74 -1 28 -1 48 -1 61 -1 -2
11 -1 87 -1 78 -1 49 -1 50 -1 -2
65 -1 66 -1 73 -1 12 -1 61 -1 -2
99 -1 85 -1 48 -1 70 -1 71 -1 -2
89 -1 92 -1 54 -1 61 -1 67 -1 -2
53 -1 61 -1 63 -1 64 -1 65 -1 -2
59 -1 63 -1 65 -1 66 -1 67 -1 -2
32 -1 33 -1 37 -1 3 -1 92 -1 -2
76 -1 48 -1 71 -1 73 -1 89 -1 -2
77 -1 78 -1 50 -1 56 -1 65 -1 -2
88 -1 76 -1 77 -1 58 -1 64 -1 -2
6 -1 88 -1 89 -1 79 -1 51 -1 -2
16 -1 25 -1 81 -1 49 -1 61 -1 -2
68 -1 80 -1 58 -1 72 -1 47 -1 -2
59 -1 43 -1 26 -1 27 -1 74 -1 -2
79 -1 51 -1 76 -1 48 -1 67 -1 -2
29 -1 23 -1 24 -1 49 -1 54 -1 -2
78 -1 50 -1 51 -1 70 -1 71 -1 -2
50 -1 56 -1 63 -1 70 -1 71 -1 -2
66 -1 67 -1 70 -1 72 -1 73 -1 -2
86 -1 87 -1 48 -1 60 -1 62 -1 -2
32 -1 52 -1 59 -1 60 -1 73 -1 -2
19 -1 67 -1 19 -1 29 -1 30 -1 -2
24 -1 38 -1 2 -1 24 -1 26 -1 -2
66 -1 69 -1 70 -1 71 -1 72 -1 -2
89 -1 67 -1 12 -1 13 -1 22 -1 -2
70 -1 71 -1 72 -1 73 -1 74 -1 -2
12 -1 53 -1 60 -1 66 -1 67 -1 -2
54 -1 61 -1 65 -1 67 -1 74 -1 -2
49 -1 55 -1 70 -1 71 -1 12 -1 -2
64 -1 65 -1 72 -1 24 -1 67 -1 -2
54 -1 56 -1 58 -1 61 -1 67 -1 -2
25 -1 7 -1 49 -1 12 -1 22 -1 -2
66 -1 67 -1 72 -1 73 -1 74 -1 -2
65 -1 71 -1 72 -1 73 -1 90 -1 -2
66 -1 67 -1 71 -1 72 -1 73 -1 -2
59 -1 60 -1 65 -1 66 -1 74 -1 -2
73 -1 26 -1 54 -1 67 -1 74 -1 -2
74 -1 76 -1 14 -1 19 -1 80 -1 -2
61 -1 65 -1 70 -1 71 -1 72 -1 -2
10 -1 91 -1 92 -1 76 -1 71 -1 -2
70 -1 71 -1 72 -1 73 -1 74 -1 -2
82 -1 77 -1 49 -1 59 -1 61 -1 -2
76 -1 48 -1 54 -1 74 -1 44 -1 -2
67 -1 69 -1 71 -1 72 -1 73 -1 -2
23 -1 47 -1 23 -1 23 -1 19 -1 -2
25 -1 5 -1 91 -1 47 -1 70 -1 -2
54 -1 56 -1 63 -1 72 -1 73 -1 -2
54 -1 60 -1 61 -1 67 -1 74 -1 -2
89 -1 91 -1 92 -1 45 -1 69 -1 -2
30 -1 31 -1 48 -1 54 -1 61 -1 -2
51 -1 54 -1 55 -1 65 -1 70 -1 -2
59 -1 60 -1 65 -1 66 -1 73 -1 -2
62 -1 70 -1 71 -1 91 -1 61 -1 -2
74 -1 43 -1 88 -1 59 -1 66 -1 -2
43 -1 24 -1 47 -1 49 -1 69 -1 -2
7 -1 11 -1 88 -1 51 -1 71 -1 -2
66 -1 67 -1 72 -1 73 -1 74 -1 -2
61 -1 62 -1 67 -1 69 -1 74 -1 -2
61 -1 67 -1 12 -1 23 -1 29 -1 -2
72 -1 73 -1 12 -1 13 -1 22 -1 -2
61 -1 63 -1 65 -1 67 -1 69 -1 -2
63 -1 64 -1 65 -1 66 -1 90 -1 -2
78 -1 79 -1 51 -1 61 -1 74 -1 -2
3 -1 5 -1 6 -1 82 -1 92 -1 -2
61 -1 28 -1 90 -1 91 -1 92 -1 -2
21 -1 20 -1 19 -1 20 -1 21 -1 -2
72 -1 73 -1 90 -1 91 -1 74 -1 -2
56 -1 63 -1 64 -1 65 -1 66 -1 -2
90 -1 91 -1 92 -1 45 -1 73 -1 -2
48 -1 12 -1 13 -1 14 -1 15 -1 -2
65 -1 69 -1 70 -1 71 -1 72 -1 -2
63 -1 64 -1 65 -1 71 -1 72 -1 -2
55 -1 62 -1 4 -1 90 -1 91 -1 -2
58 -1 59 -1 65 -1 74 -1 28 -1 -2
62 -1 69 -1 12 -1 12 -1 67 -1 -2
69 -1 70 -1 71 -1 72 -1 73 -1 -2
60 -1 28 -1 19 -1 27 -1 28 -1 -2
72 -1 73 -1 74 -1 12 -1 90 -1 -2
54 -1 61 -1 62 -1 70 -1 30 -1 -2
70 -1 71 -1 72 -1 73 -1 74 -1 -2
69 -1 70 -1 71 -1 72 -1 73 -1 -2
91 -1 57 -1 76 -1 48 -1 71 -1 -2
54 -1 61 -1 67 -1 69 -1 74 -1 -2
54 -1 61 -1 66 -1 67 -1 74 -1 -2
50 -1 56 -1 62 -1 63 -1 21 -1 -2
54 -1 61 -1 102 -1 43 -1 90 -1 -2
65 -1 70 -1 71 -1 72 -1 73 -1 -2
80 -1 50 -1 52 -1 102 -1 43 -1 -2
90 -1 56 -1 70 -1 71 -1 21 -1 -2
64 -1 65 -1 72 -1 74 -1 29 -1 -2
66 -1 67 -1 69 -1 72 -1 73 -1 -2
14 -1 15 -1 23 -1 24 -1 2 -1 -2
62 -1 33 -1 35 -1 91 -1 2 -1 -2
79 -1 50 -1 56 -1 69 -1 70 -1 -2
60 -1 61 -1 66 -1 67 -1 74 -1 -2
64 -1 71 -1 43 -1 92 -1 76 -1 -2
50 -1 56 -1 63 -1 50 -1 56 -1 -2
22 -1 23 -1 24 -1 28 -1 19 -1 -2
71 -1 72 -1 73 -1 12 -1 67 -1 -2
31 -1 47 -1 48 -1 19 -1 54 -1 -2
60 -1 65 -1 67 -1 70 -1 73 -1 -2
73 -1 74 -1 12 -1 74 -1 30 -1 -2
65 -1 66 -1 72 -1 73 -1 68 -1 -2
60 -1 64 -1 65 -1 66 -1 27 -1 -2
60 -1 62 -1 66 -1 72 -1 73 -1 -2
54 -1 61 -1 32 -1 73 -1 74 -1 -2
4 -1 1 -1 45 -1 47 -1 13 -1 -2
51 -1 52 -1 59 -1 62 -1 90 -1 -2
89 -1 76 -1 51 -1 65 -1 43 -1 -2
20 -1 20 -1 21 -1 43 -1 90 -1 -2
54 -1 62 -1 64 -1 71 -1 43 -1 -2
65 -1 66 -1 72 -1 73 -1 74 -1 -2
12 -1 28 -1 90 -1 23 -1 90 -1 -2
70 -1 71 -1 72 -1 73 -1 74 -1 -2
48 -1 54 -1 61 -1 67 -1 74 -1 -2
90 -1 91 -1 92 -1 47 -1 61 -1 -2
69 -1 70 -1 71 -1 73 -1 74 -1 -2
59 -1 61 -1 63 -1 67 -1 74 -1 -2
14 -1 28 -1 12 -1 61 -1 67 -1 -2
54 -1 61 -1 67 -1 71 -1 91 -1 -2
66 -1 67 -1 73 -1 74 -1 92 -1 -2
12 -1 39 -1 40 -1 41 -1 6 -1 -2
70 -1 71 -1 72 -1 73 -1 74 -1 -2
21 -1 43 -1 92 -1 76 -1 74 -1 -2
53 -1 60 -1 62 -1 66 -1 69 -1 -2
67 -1 69 -1 70 -1 71 -1 74 -1 -2
12 -1 21 -1 43 -1 28 -1 67 -1 -2
73 -1 74 -1 67 -1 61 -1 67 -1 -2
70 -1 71 -1 72 -1 73 -1 74 -1 -2
70 -1 71 -1 72 -1 73 -1 74 -1 -2
50 -1 52 -1 53 -1 56 -1 63 -1 -2
71 -1 72 -1 33 -1 3 -1 67 -1 -2
58 -1 64 -1 70 -1 71 -1 73 -1 -2
70 -1 71 -1 72 -1 73 -1 74 -1 -2
88 -1 89 -1 47 -1 51 -1 58 -1 -2
67 -1 43 -1 27 -1 73 -1 74 -1 -2
96 -1 47 -1 52 -1 62 -1 65 -1 -2
61 -1 69 -1 70 -1 71 -1 72 -1 -2
54 -1 61 -1 67 -1 73 -1 74 -1 -2
70 -1 71 -1 72 -1 73 -1 74 -1 -2
57 -1 68 -1 80 -1 47 -1 64 -1 -2
63 -1 67 -1 43 -1 2 -1 11 -1 -2
64 -1 65 -1 66 -1 67 -1 69 -1 -2
61 -1 65 -1 66 -1 67 -1 73 -1 -2
72 -1 73 -1 74 -1 90 -1 92 -1 -2
72 -1 28 -1 91 -1 92 -1 74 -1 -2
59 -1 60 -1 65 -1 66 -1 74 -1 -2
53 -1 60 -1 61 -1 65 -1 66 -1 -2
59 -1 62 -1 65 -1 66 -1 67 -1 -2
21 -1 27 -1 28 -1 29 -1 30 -1 -2
59 -1 63 -1 67 -1 19 -1 23 -1 -2
65 -1 66 -1 71 -1 72 -1 73 -1 -2
63 -1 64 -1 67 -1 71 -1 91 -1 -2
22 -1 23 -1 24 -1 2 -1 12 -1 -2
62 -1 92 -1 25 -1 92 -1 74 -1 -2
18 -1 26 -1 90 -1 54 -1 60 -1 -2
89 -1 47 -1 59 -1 62 -1 90 -1 -2
65 -1 66 -1 66 -1 67 -1 66 -1 -2
2 -1 79 -1 80 -1 36 -1 69 -1 -2
73 -1 74 -1 66 -1 67 -1 47 -1 -2
64 -1 65 -1 70 -1 71 -1 72 -1 -2
48 -1 74 -1 60 -1 66 -1 73 -1 -2
78 -1 50 -1 56 -1 61 -1 67 -1 -2
89 -1 90 -1 91 -1 92 -1 54 -1 -2
27 -1 34 -1 87 -1 52 -1 59 -1 -2
53 -1 60 -1 66 -1 72 -1 73 -1 -2
43 -1 2 -1 5 -1 6 -1 85 -1 -2
66 -1 69 -1 71 -1 72 -1 73 -1 -2
69 -1 70 -1 71 -1 72 -1 73 -1 -2
54 -1 61 -1 67 -1 73 -1 74 -1 -2
66 -1 67 -1 72 -1 73 -1 74 -1 -2
44 -1 41 -1 61 -1 15 -1 24 -1 -2
50 -1 55 -1 56 -1 62 -1 11 -1 -2
74 -1 54 -1 61 -1 19 -1 27 -1 -2
60 -1 65 -1 66 -1 67 -1 74 -1 -2
67 -1 74 -1 41 -1 91 -1 92 -1 -2
64 -1 65 -1 66 -1 67 -1 73 -1 -2
60 -1 64 -1 67 -1 72 -1 73 -1 -2
65 -1 69 -1 71 -1 73 -1 74 -1 -2
65 -1 66 -1 72 -1 73 -1 74 -1 -2
48 -1 66 -1 89 -1 68 -1 65 -1 -2
66 -1 67 -1 69 -1 73 -1 74 -1 -2
65 -1 66 -1 71 -1 72 -1 73 -1 -2
60 -1 64 -1 66 -1 73 -1 74 -1 -2
2 -1 10 -1 77 -1 49 -1 54 -1 -2
40 -1 54 -1 61 -1 67 -1 92 -1 -2
67 -1 69 -1 73 -1 74 -1 24 -1 -2
62 -1 64 -1 65 -1 66 -1 71 -1 -2
53 -1 54 -1 60 -1 66 -1 73 -1 -2
43 -1 11 -1 91 -1 43 -1 11 -1 -2
26 -1 89 -1 90 -1 91 -1 76 -1 -2
69 -1 73 -1 74 -1 44 -1 28 -1 -2
76 -1 79 -1 62 -1 27 -1 79 -1 -2
54 -1 59 -1 65 -1 71 -1 72 -1 -2
72 -1 73 -1 74 -1 92 -1 47 -1 -2
65 -1 66 -1 71 -1 72 -1 73 -1 -2
53 -1 59 -1 60 -1 66 -1 73 -1 -2
65 -1 70 -1 71 -1 72 -1 73 -1 -2
61 -1 67 -1 54 -1 61 -1 19 -1 -2
47 -1 60 -1 72 -1 73 -1 47 -1 -2
43 -1 11 -1 102 -1 43 -1 11 -1 -2
73 -1 20 -1 43 -1 11 -1 20 -1 -2
60 -1 61 -1 66 -1 67 -1 74 -1 -2
70 -1 71 -1 72 -1 73 -1 74 -1 -2
89 -1 60 -1 62 -1 92 -1 49 -1 -2
47 -1 53 -1 60 -1 66 -1 73 -1 -2
88 -1 48 -1 54 -1 61 -1 67 -1 -2
60 -1 65 -1 66 -1 67 -1 73 -1 -2
60 -1 61 -1 65 -1 66 -1 67 -1 -2
87 -1 57 -1 79 -1 51 -1 62 -1 -2
52 -1 59 -1 65 -1 52 -1 59 -1 -2
78 -1 50 -1 56 -1 63 -1 92 -1 -2
66 -1 70 -1 92 -1 67 -1 74 -1 -2
71 -1 72 -1 73 -1 74 -1 20 -1 -2
64 -1 65 -1 66 -1 67 -1 69 -1 -2
65 -1 66 -1 67 -1 28 -1 66 -1 -2
76 -1 61 -1 72 -1 73 -1 74 -1 -2
73 -1 74 -1 75 -1 76 -1 54 -1 -2
53 -1 60 -1 66 -1 73 -1 74 -1 -2
61 -1 67 -1 38 -1 40 -1 41 -1 -2
91 -1 92 -1 58 -1 64 -1 39 -1 -2
88 -1 89 -1 91 -1 92 -1 19 -1 -2
59 -1 60 -1 65 -1 66 -1 73 -1 -2
64 -1 65 -1 66 -1 72 -1 73 -1 -2
64 -1 65 -1 66 -1 72 -1 74 -1 -2
87 -1 76 -1 54 -1 70 -1 71 -1 -2
60 -1 65 -1 66 -1 73 -1 74 -1 -2
1 -1 82 -1 93 -1 91 -1 89 -1 -2
41 -1 88 -1 89 -1 76 -1 48 -1 -2
74 -1 12 -1 13 -1 14 -1 10 -1 -2
2 -1 10 -1 59 -1 60 -1 23 -1 -2
45 -1 78 -1 50 -1 60 -1 66 -1 -2
70 -1 71 -1 37 -1 41 -1 90 -1 -2
52 -1 59 -1 67 -1 54 -1 74 -1 -2
62 -1 63 -1 70 -1 71 -1 72 -1 -2
56 -1 59 -1 63 -1 67 -1 19 -1 -2
65 -1 66 -1 72 -1 73 -1 74 -1 -2
47 -1 53 -1 60 -1 66 -1 69 -1 -2
76 -1 48 -1 65 -1 66 -1 69 -1 -2
51 -1 55 -1 58 -1 64 -1 65 -1 -2
53 -1 59 -1 60 -1 65 -1 66 -1 -2
26 -1 89 -1 91 -1 92 -1 73 -1 -2
73 -1 74 -1 92 -1 80 -1 52 -1 -2
65 -1 66 -1 67 -1 70 -1 74 -1 -2
70 -1 71 -1 20 -1 43 -1 11 -1 -2
53 -1 56 -1 58 -1 60 -1 66 -1 -2
70 -1 71 -1 72 -1 73 -1 24 -1 -2
65 -1 66 -1 67 -1 70 -1 71 -1 -2
19 -1 27 -1 2 -1 90 -1 91 -1 -2
60 -1 65 -1 66 -1 73 -1 74 -1 -2
72 -1 73 -1 12 -1 12 -1 61 -1 -2
43 -1 11 -1 48 -1 12 -1 48 -1 -2
66 -1 67 -1 72 -1 73 -1 74 -1 -2
66 -1 67 -1 69 -1 70 -1 71 -1 -2
87 -1 77 -1 15 -1 18 -1 95 -1 -2
66 -1 69 -1 71 -1 19 -1 28 -1 -2
102 -1 43 -1 65 -1 66 -1 67 -1 -2
21 -1 53 -1 60 -1 61 -1 74 -1 -2
33 -1 35 -1 36 -1 39 -1 40 -1 -2
75 -1 76 -1 70 -1 71 -1 72 -1 -2
70 -1 20 -1 89 -1 90 -1 55 -1 -2
66 -1 72 -1 73 -1 19 -1 28 -1 -2
60 -1 61 -1 62 -1 67 -1 69 -1 -2
53 -1 60 -1 66 -1 67 -1 74 -1 -2
89 -1 91 -1 54 -1 59 -1 65 -1 -2
60 -1 61 -1 66 -1 73 -1 74 -1 -2
66 -1 69 -1 72 -1 73 -1 74 -1 -2
49 -1 50 -1 51 -1 55 -1 56 -1 -2
53 -1 60 -1 65 -1 73 -1 23 -1 -2
61 -1 48 -1 54 -1 61 -1 67 -1 -2
76 -1 79 -1 47 -1 54 -1 55 -1 -2
77 -1 11 -1 102 -1 43 -1 11 -1 -2
60 -1 65 -1 66 -1 72 -1 73 -1 -2
79 -1 51 -1 62 -1 73 -1 74 -1 -2
69 -1 70 -1 71 -1 74 -1 12 -1 -2
65 -1 66 -1 67 -1 73 -1 74 -1 -2
65 -1 66 -1 67 -1 73 -1 74 -1 -2
64 -1 70 -1 71 -1 9 -1 28 -1 -2
6 -1 88 -1 79 -1 51 -1 62 -1 -2
38 -1 39 -1 39 -1 88 -1 89 -1 -2
67 -1 71 -1 72 -1 73 -1 74 -1 -2
12 -1 13 -1 12 -1 2 -1 62 -1 -2
102 -1 43 -1 11 -1 66 -1 67 -1 -2
62 -1 65 -1 66 -1 73 -1 2 -1 -2
102 -1 25 -1 77 -1 12 -1 25 -1 -2
65 -1 66 -1 67 -1 73 -1 74 -1 -2
48 -1 54 -1 61 -1 67 -1 74 -1 -2
52 -1 59 -1 65 -1 72 -1 47 -1 -2
18 -1 33 -1 40 -1 76 -1 28 -1 -2
69 -1 70 -1 71 -1 72 -1 73 -1 -2
24 -1 25 -1 77 -1 12 -1 23 -1 -2
2 -1 75 -1 76 -1 12 -1 67 -1 -2
65 -1 66 -1 69 -1 53 -1 60 -1 -2
80 -1 52 -1 59 -1 65 -1 92 -1 -2
65 -1 66 -1 67 -1 69 -1 91 -1 -2
11 -1 80 -1 52 -1 59 -1 65 -1 -2
59 -1 64 -1 65 -1 72 -1 73 -1 -2
54 -1 61 -1 67 -1 12 -1 28 -1 -2
91 -1 92 -1 76 -1 61 -1 47 -1 -2
45 -1 75 -1 49 -1 18 -1 26 -1 -2
66 -1 67 -1 70 -1 71 -1 73 -1 -2
70 -1 71 -1 72 -1 73 -1 74 -1 -2
64 -1 65 -1 69 -1 70 -1 71 -1 -2
72 -1 73 -1 20 -1 28 -1 91 -1 -2
60 -1 32 -1 35 -1 39 -1 82 -1 -2
61 -1 67 -1 74 -1 67 -1 54 -1 -2
66 -1 67 -1 72 -1 73 -1 74 -1 -2
38 -1 39 -1 43 -1 65 -1 66 -1 -2
28 -1 24 -1 28 -1 38 -1 74 -1 -2
45 -1 80 -1 52 -1 59 -1 66 -1 -2
60 -1 65 -1 66 -1 72 -1 73 -1 -2
69 -1 70 -1 71 -1 72 -1 73 -1 -2
55 -1 56 -1 58 -1 63 -1 64 -1 -2
71 -1 72 -1 73 -1 74 -1 92 -1 -2
62 -1 69 -1 71 -1 72 -1 101 -1 -2
72 -1 28 -1 65 -1 66 -1 67 -1 -2
48 -1 13 -1 22 -1 11 -1 92 -1 -2
62 -1 73 -1 74 -1 20 -1 90 -1 -2
75 -1 59 -1 60 -1 66 -1 73 -1 -2
69 -1 71 -1 72 -1 73 -1 74 -1 -2
47 -1 48 -1 12 -1 92 -1 74 -1 -2
55 -1 64 -1 65 -1 66 -1 67 -1 -2
48 -1 61 -1 67 -1 91 -1 92 -1 -2
70 -1 74 -1 12 -1 43 -1 91 -1 -2
53 -1 60 -1 65 -1 66 -1 73 -1 -2
40 -1 2 -1 3 -1 89 -1 91 -1 -2
60 -1 12 -1 12 -1 12 -1 12 -1 -2
18 -1 19 -1 20 -1 52 -1 59 -1 -2
71 -1 72 -1 73 -1 74 -1 67 -1 -2
18 -1 19 -1 43 -1 27 -1 28 -1 -2
53 -1 61 -1 67 -1 72 -1 73 -1 -2
66 -1 67 -1 72 -1 73 -1 74 -1 -2
64 -1 65 -1 66 -1 72 -1 73 -1 -2
67 -1 70 -1 71 -1 72 -1 73 -1 -2
18 -1 43 -1 26 -1 71 -1 72 -1 -2
67 -1 74 -1 28 -1 48 -1 54 -1 -2
60 -1 65 -1 66 -1 73 -1 74 -1 -2
48 -1 59 -1 63 -1 72 -1 73 -1 -2
65 -1 89 -1 80 -1 52 -1 59 -1 -2
23 -1 90 -1 91 -1 60 -1 66 -1 -2
48 -1 53 -1 54 -1 61 -1 74 -1 -2
70 -1 71 -1 72 -1 75 -1 92 -1 -2
53 -1 59 -1 60 -1 66 -1 73 -1 -2
15 -1 53 -1 61 -1 66 -1 67 -1 -2
60 -1 65 -1 66 -1 72 -1 73 -1 -2
54 -1 102 -1 43 -1 11 -1 67 -1 -2
75 -1 52 -1 59 -1 65 -1 72 -1 -2
54 -1 61 -1 67 -1 73 -1 74 -1 -2
53 -1 60 -1 66 -1 67 -1 74 -1 -2
61 -1 64 -1 67 -1 74 -1 21 -1 -2
67 -1 73 -1 74 -1 12 -1 67 -1 -2
4 -1 78 -1 79 -1 49 -1 12 -1 -2
89 -1 90 -1 79 -1 54 -1 73 -1 -2
66 -1 69 -1 72 -1 73 -1 66 -1 -2
59 -1 60 -1 28 -1 90 -1 48 -1 -2
23 -1 2 -1 11 -1 49 -1 48 -1 -2
47 -1 53 -1 60 -1 66 -1 67 -1 -2
67 -1 54 -1 61 -1 67 -1 74 -1 -2
65 -1 66 -1 67 -1 73 -1 74 -1 -2
48 -1 50 -1 54 -1 55 -1 61 -1 -2
70 -1 71 -1 72 -1 73 -1 27 -1 -2
11 -1 45 -1 79 -1 65 -1 66 -1 -2
60 -1 62 -1 65 -1 66 -1 73 -1 -2
73 -1 74 -1 91 -1 43 -1 92 -1 -2
66 -1 69 -1 19 -1 27 -1 28 -1 -2
96 -1 97 -1 98 -1 99 -1 77 -1 -2
59 -1 60 -1 65 -1 66 -1 67 -1 -2
54 -1 60 -1 66 -1 67 -1 12 -1 -2
60 -1 73 -1 74 -1 32 -1 12 -1 -2
63 -1 64 -1 69 -1 70 -1 71 -1 -2
20 -1 43 -1 28 -1 29 -1 11 -1 -2
69 -1 70 -1 71 -1 72 -1 73 -1 -2
71 -1 72 -1 73 -1 19 -1 76 -1 -2
58 -1 62 -1 64 -1 70 -1 71 -1 -2
33 -1 28 -1 29 -1 30 -1 31 -1 -2
49 -1 63 -1 70 -1 91 -1 44 -1 -2
66 -1 69 -1 71 -1 72 -1 73 -1 -2
29 -1 80 -1 52 -1 30 -1 28 -1 -2
61 -1 62 -1 67 -1 69 -1 73 -1 -2
72 -1 73 -1 74 -1 44 -1 47 -1 -2
69 -1 71 -1 72 -1 73 -1 19 -1 -2
4 -1 45 -1 69 -1 40 -1 39 -1 -2
15 -1 22 -1 28 -1 65 -1 66 -1 -2
28 -1 75 -1 76 -1 48 -1 71 -1 -2
58 -1 61 -1 64 -1 67 -1 91 -1 -2
66 -1 71 -1 74 -1 15 -1 91 -1 -2
61 -1 69 -1 67 -1 20 -1 28 -1 -2
20 -1 28 -1 97 -1 55 -1 28 -1 -2
91 -1 92 -1 43 -1 48 -1 74 -1 -2
66 -1 69 -1 72 -1 73 -1 74 -1 -2
69 -1 70 -1 71 -1 72 -1 73 -1 -2
67 -1 69 -1 71 -1 72 -1 73 -1 -2
53 -1 60 -1 61 -1 66 -1 67 -1 -2
69 -1 71 -1 72 -1 73 -1 74 -1 -2
78 -1 50 -1 56 -1 62 -1 63 -1 -2
11 -1 66 -1 72 -1 73 -1 74 -1 -2
13 -1 42 -1 49 -1 69 -1 80 -1 -2
2 -1 92 -1 57 -1 76 -1 77 -1 -2
70 -1 71 -1 72 -1 73 -1 74 -1 -2
60 -1 61 -1 72 -1 73 -1 74 -1 -2
73 -1 74 -1 43 -1 74 -1 48 -1 -2
43 -1 28 -1 74 -1 12 -1 21 -1 -2
61 -1 67 -1 71 -1 72 -1 74 -1 -2
43 -1 76 -1 48 -1 54 -1 61 -1 -2
54 -1 55 -1 63 -1 69 -1 70 -1 -2
54 -1 61 -1 67 -1 71 -1 11 -1 -2
59 -1 62 -1 64 -1 65 -1 66 -1 -2
68 -1 77 -1 65 -1 72 -1 73 -1 -2
61 -1 67 -1 74 -1 21 -1 24 -1 -2
16 -1 22 -1 25 -1 89 -1 47 -1 -2
49 -1 51 -1 52 -1 59 -1 65 -1 -2
70 -1 71 -1 72 -1 73 -1 74 -1 -2
66 -1 69 -1 71 -1 72 -1 73 -1 -2
69 -1 71 -1 72 -1 73 -1 89 -1 -2
52 -1 53 -1 60 -1 66 -1 12 -1 -2
51 -1 62 -1 92 -1 62 -1 87 -1 -2
76 -1 58 -1 64 -1 69 -1 12 -1 -2
21 -1 43 -1 28 -1 81 -1 77 -1 -2
28 -1 29 -1 30 -1 31 -1 89 -1 -2
49 -1 51 -1 59 -1 65 -1 71 -1 -2
50 -1 51 -1 58 -1 61 -1 66 -1 -2
43 -1 23 -1 44 -1 32 -1 33 -1 -2
55 -1 61 -1 62 -1 67 -1 69 -1 -2
29 -1 30 -1 89 -1 90 -1 77 -1 -2
51 -1 54 -1 58 -1 59 -1 62 -1 -2
63 -1 64 -1 65 -1 12 -1 61 -1 -2
25 -1 11 -1 55 -1 58 -1 70 -1 -2
46 -1 60 -1 65 -1 66 -1 73 -1 -2
60 -1 62 -1 66 -1 69 -1 74 -1 -2
60 -1 62 -1 66 -1 72 -1 73 -1 -2
75 -1 76 -1 69 -1 74 -1 74 -1 -2
56 -1 69 -1 21 -1 30 -1 30 -1 -2
62 -1 63 -1 69 -1 74 -1 67 -1 -2
73 -1 44 -1 9 -1 71 -1 72 -1 -2
64 -1 66 -1 72 -1 73 -1 74 -1 -2
2 -1 11 -1 11 -1 61 -1 67 -1 -2
77 -1 43 -1 25 -1 69 -1 43 -1 -2
64 -1 65 -1 66 -1 72 -1 73 -1 -2
79 -1 80 -1 51 -1 55 -1 58 -1 -2
30 -1 31 -1 90 -1 92 -1 61 -1 -2
49 -1 10 -1 11 -1 71 -1 72 -1 -2
70 -1 71 -1 72 -1 73 -1 74 -1 -2
70 -1 71 -1 72 -1 73 -1 74 -1 -2
69 -1 74 -1 12 -1 12 -1 54 -1 -2
19 -1 20 -1 43 -1 28 -1 73 -1 -2
60 -1 61 -1 66 -1 67 -1 74 -1 -2
75 -1 76 -1 80 -1 56 -1 63 -1 -2
58 -1 64 -1 65 -1 71 -1 72 -1 -2
48 -1 54 -1 69 -1 61 -1 67 -1 -2
47 -1 47 -1 87 -1 77 -1 49 -1 -2
53 -1 73 -1 54 -1 61 -1 67 -1 -2
86 -1 77 -1 78 -1 79 -1 51 -1 -2
70 -1 71 -1 72 -1 73 -1 74 -1 -2
60 -1 65 -1 66 -1 73 -1 74 -1 -2
63 -1 65 -1 66 -1 70 -1 71 -1 -2
69 -1 70 -1 71 -1 72 -1 73 -1 -2
86 -1 87 -1 49 -1 50 -1 56 -1 -2
24 -1 25 -1 78 -1 50 -1 12 -1 -2
57 -1 68 -1 74 -1 27 -1 27 -1 -2
77 -1 80 -1 49 -1 52 -1 55 -1 -2
5 -1 6 -1 77 -1 77 -1 74 -1 -2
10 -1 57 -1 68 -1 79 -1 29 -1 -2
61 -1 66 -1 76 -1 47 -1 48 -1 -2
22 -1 23 -1 1 -1 81 -1 45 -1 -2
90 -1 68 -1 49 -1 51 -1 58 -1 -2
68 -1 77 -1 72 -1 73 -1 74 -1 -2
66 -1 89 -1 48 -1 73 -1 74 -1 -2
77 -1 29 -1 30 -1 31 -1 21 -1 -2
40 -1 2 -1 68 -1 76 -1 61 -1 -2
78 -1 50 -1 55 -1 56 -1 63 -1 -2
48 -1 49 -1 51 -1 69 -1 48 -1 -2
77 -1 79 -1 51 -1 58 -1 64 -1 -2
65 -1 66 -1 67 -1 73 -1 74 -1 -2
69 -1 70 -1 71 -1 72 -1 73 -1 -2
70 -1 71 -1 72 -1 73 -1 74 -1 -2
47 -1 53 -1 60 -1 67 -1 74 -1 -2
89 -1 61 -1 65 -1 72 -1 73 -1 -2
89 -1 89 -1 20 -1 89 -1 90 -1 -2
52 -1 65 -1 71 -1 72 -1 73 -1 -2
30 -1 31 -1 30 -1 61 -1 67 -1 -2
88 -1 89 -1 90 -1 79 -1 51 -1 -2
77 -1 47 -1 60 -1 66 -1 73 -1 -2
64 -1 65 -1 66 -1 69 -1 71 -1 -2
73 -1 92 -1 67 -1 12 -1 49 -1 -2
92 -1 16 -1 89 -1 90 -1 91 -1 -2
66 -1 67 -1 69 -1 73 -1 74 -1 -2
66 -1 71 -1 72 -1 73 -1 21 -1 -2
43 -1 11 -1 90 -1 49 -1 69 -1 -2
63 -1 64 -1 70 -1 71 -1 47 -1 -2
14 -1 23 -1 1 -1 81 -1 6 -1 -2
51 -1 55 -1 64 -1 72 -1 74 -1 -2
28 -1 29 -1 21 -1 31 -1 77 -1 -2
74 -1 16 -1 24 -1 25 -1 92 -1 -2
89 -1 90 -1 51 -1 33 -1 35 -1 -2
77 -1 79 -1 102 -1 43 -1 77 -1 -2
63 -1 64 -1 65 -1 67 -1 72 -1 -2
61 -1 66 -1 67 -1 73 -1 89 -1 -2
70 -1 71 -1 72 -1 73 -1 74 -1 -2
91 -1 92 -1 90 -1 91 -1 59 -1 -2
47 -1 53 -1 65 -1 66 -1 29 -1 -2
45 -1 75 -1 76 -1 70 -1 73 -1 -2
55 -1 72 -1 102 -1 40 -1 92 -1 -2
53 -1 60 -1 65 -1 66 -1 67 -1 -2
89 -1 76 -1 48 -1 73 -1 74 -1 -2
36 -1 37 -1 82 -1 77 -1 69 -1 -2
64 -1 65 -1 67 -1 71 -1 72 -1 -2
58 -1 63 -1 69 -1 67 -1 43 -1 -2
71 -1 72 -1 73 -1 74 -1 21 -1 -2
48 -1 70 -1 71 -1 92 -1 74 -1 -2
49 -1 54 -1 61 -1 66 -1 67 -1 -2
52 -1 53 -1 56 -1 59 -1 70 -1 -2
74 -1 21 -1 47 -1 21 -1 47 -1 -2
56 -1 58 -1 62 -1 69 -1 71 -1 -2
66 -1 67 -1 72 -1 73 -1 74 -1 -2
59 -1 60 -1 61 -1 67 -1 74 -1 -2
77 -1 74 -1 43 -1 41 -1 77 -1 -2
60 -1 61 -1 66 -1 67 -1 73 -1 -2
65 -1 66 -1 67 -1 73 -1 74 -1 -2
69 -1 70 -1 71 -1 72 -1 73 -1 -2
70 -1 71 -1 72 -1 73 -1 74 -1 -2
70 -1 71 -1 72 -1 73 -1 74 -1 -2
48 -1 54 -1 66 -1 67 -1 73 -1 -2
70 -1 71 -1 72 -1 73 -1 54 -1 -2
66 -1 67 -1 72 -1 73 -1 74 -1 -2
70 -1 71 -1 72 -1 73 -1 74 -1 -2
50 -1 61 -1 62 -1 67 -1 70 -1 -2
89 -1 90 -1 68 -1 78 -1 79 -1 -2
64 -1 65 -1 66 -1 72 -1 73 -1 -2
66 -1 70 -1 71 -1 72 -1 73 -1 -2
65 -1 66 -1 71 -1 72 -1 47 -1 -2
46 -1 62 -1 70 -1 12 -1 12 -1 -2
31 -1 30 -1 47 -1 12 -1 47 -1 -2
13 -1 16 -1 22 -1 77 -1 49 -1 -2
12 -1 43 -1 12 -1 43 -1 43 -1 -2
51 -1 58 -1 64 -1 69 -1 73 -1 -2
21 -1 28 -1 91 -1 66 -1 21 -1 -2
72 -1 73 -1 74 -1 12 -1 21 -1 -2
67 -1 69 -1 70 -1 71 -1 72 -1 -2
70 -1 71 -1 72 -1 73 -1 74 -1 -2
63 -1 64 -1 65 -1 69 -1 70 -1 -2
20 -1 28 -1 20 -1 27 -1 28 -1 -2
63 -1 65 -1 66 -1 70 -1 74 -1 -2
62 -1 69 -1 70 -1 72 -1 73 -1 -2
70 -1 71 -1 72 -1 73 -1 74 -1 -2
64 -1 70 -1 71 -1 72 -1 73 -1 -2
23 -1 24 -1 12 -1 24 -1 12 -1 -2
38 -1 42 -1 5 -1 79 -1 70 -1 -2
20 -1 28 -1 1 -1 81 -1 89 -1 -2
92 -1 77 -1 49 -1 51 -1 58 -1 -2
92 -1 53 -1 60 -1 66 -1 73 -1 -2
64 -1 65 -1 70 -1 71 -1 74 -1 -2
77 -1 78 -1 62 -1 66 -1 69 -1 -2
41 -1 93 -1 87 -1 33 -1 37 -1 -2
79 -1 49 -1 50 -1 51 -1 61 -1 -2
76 -1 48 -1 54 -1 61 -1 89 -1 -2
49 -1 61 -1 67 -1 69 -1 74 -1 -2
21 -1 28 -1 54 -1 90 -1 47 -1 -2
69 -1 70 -1 71 -1 72 -1 73 -1 -2
66 -1 69 -1 70 -1 71 -1 72 -1 -2
52 -1 59 -1 60 -1 66 -1 73 -1 -2
77 -1 47 -1 66 -1 67 -1 49 -1 -2
69 -1 70 -1 71 -1 72 -1 73 -1 -2
69 -1 70 -1 71 -1 73 -1 74 -1 -2
77 -1 65 -1 71 -1 72 -1 91 -1 -2
50 -1 51 -1 56 -1 65 -1 92 -1 -2
69 -1 70 -1 71 -1 72 -1 73 -1 -2
61 -1 65 -1 66 -1 67 -1 54 -1 -2
92 -1 47 -1 48 -1 54 -1 61 -1 -2
37 -1 34 -1 77 -1 37 -1 59 -1 -2
66 -1 69 -1 73 -1 91 -1 74 -1 -2
74 -1 43 -1 102 -1 43 -1 91 -1 -2
86 -1 77 -1 61 -1 70 -1 71 -1 -2
52 -1 56 -1 58 -1 32 -1 92 -1 -2
27 -1 28 -1 81 -1 82 -1 77 -1 -2
88 -1 90 -1 48 -1 51 -1 66 -1 -2
76 -1 65 -1 66 -1 67 -1 69 -1 -2
65 -1 70 -1 71 -1 72 -1 73 -1 -2
74 -1 74 -1 21 -1 60 -1 66 -1 -2
72 -1 73 -1 91 -1 91 -1 47 -1 -2
93 -1 90 -1 91 -1 92 -1 74 -1 -2
89 -1 77 -1 79 -1 51 -1 58 -1 -2
65 -1 66 -1 70 -1 71 -1 72 -1 -2
71 -1 72 -1 73 -1 74 -1 76 -1 -2
59 -1 62 -1 64 -1 89 -1 76 -1 -2
12 -1 22 -1 87 -1 79 -1 51 -1 -2
87 -1 62 -1 15 -1 20 -1 21 -1 -2
70 -1 71 -1 72 -1 73 -1 74 -1 -2
57 -1 71 -1 18 -1 20 -1 28 -1 -2
71 -1 72 -1 73 -1 12 -1 54 -1 -2
29 -1 12 -1 12 -1 91 -1 48 -1 -2
85 -1 46 -1 78 -1 59 -1 65 -1 -2
25 -1 2 -1 89 -1 79 -1 51 -1 -2
19 -1 11 -1 99 -1 90 -1 72 -1 -2
71 -1 72 -1 73 -1 54 -1 61 -1 -2
20 -1 21 -1 27 -1 28 -1 62 -1 -2
48 -1 54 -1 56 -1 61 -1 63 -1 -2
75 -1 76 -1 71 -1 72 -1 73 -1 -2
65 -1 102 -1 12 -1 18 -1 48 -1 -2
65 -1 67 -1 72 -1 102 -1 43 -1 -2
89 -1 90 -1 75 -1 76 -1 48 -1 -2
21 -1 27 -1 28 -1 29 -1 76 -1 -2
30 -1 31 -1 23 -1 61 -1 67 -1 -2
27 -1 63 -1 43 -1 26 -1 27 -1 -2
67 -1 74 -1 38 -1 69 -1 70 -1 -2
74 -1 32 -1 92 -1 92 -1 91 -1 -2
54 -1 61 -1 67 -1 73 -1 74 -1 -2
37 -1 41 -1 11 -1 47 -1 53 -1 -2
1 -1 81 -1 77 -1 49 -1 61 -1 -2
12 -1 13 -1 22 -1 89 -1 76 -1 -2
60 -1 65 -1 66 -1 67 -1 74 -1 -2
66 -1 67 -1 72 -1 73 -1 74 -1 -2
29 -1 30 -1 31 -1 76 -1 77 -1 -2
76 -1 79 -1 58 -1 12 -1 92 -1 -2
18 -1 19 -1 20 -1 27 -1 74 -1 -2
56 -1 58 -1 59 -1 63 -1 64 -1 -2
19 -1 20 -1 21 -1 43 -1 27 -1 -2
81 -1 45 -1 77 -1 73 -1 74 -1 -2
41 -1 7 -1 8 -1 78 -1 50 -1 -2
20 -1 21 -1 40 -1 42 -1 79 -1 -2
66 -1 69 -1 72 -1 73 -1 74 -1 -2
19 -1 43 -1 27 -1 28 -1 47 -1 -2
66 -1 69 -1 72 -1 73 -1 74 -1 -2
101 -1 102 -1 43 -1 5 -1 76 -1 -2
66 -1 69 -1 71 -1 72 -1 73 -1 -2
72 -1 73 -1 74 -1 67 -1 74 -1 -2
66 -1 67 -1 72 -1 73 -1 74 -1 -2
69 -1 71 -1 72 -1 73 -1 74 -1 -2
58 -1 60 -1 61 -1 67 -1 74 -1 -2
89 -1 65 -1 66 -1 67 -1 74 -1 -2
55 -1 58 -1 59 -1 64 -1 69 -1 -2
30 -1 31 -1 90 -1 60 -1 73 -1 -2
66 -1 72 -1 73 -1 30 -1 31 -1 -2
70 -1 71 -1 72 -1 73 -1 28 -1 -2
58 -1 70 -1 92 -1 61 -1 67 -1 -2
12 -1 43 -1 11 -1 87 -1 67 -1 -2
71 -1 22 -1 13 -1 24 -1 12 -1 -2
49 -1 58 -1 64 -1 71 -1 72 -1 -2
25 -1 99 -1 100 -1 68 -1 71 -1 -2
56 -1 63 -1 64 -1 70 -1 71 -1 -2
40 -1 82 -1 92 -1 76 -1 49 -1 -2
28 -1 48 -1 54 -1 91 -1 91 -1 -2
71 -1 72 -1 74 -1 61 -1 12 -1 -2
58 -1 62 -1 63 -1 69 -1 70 -1 -2
1 -1 81 -1 76 -1 48 -1 69 -1 -2
75 -1 76 -1 48 -1 54 -1 61 -1 -2
65 -1 66 -1 69 -1 71 -1 72 -1 -2
22 -1 23 -1 1 -1 81 -1 45 -1 -2
76 -1 48 -1 20 -1 76 -1 25 -1 -2
20 -1 21 -1 28 -1 47 -1 48 -1 -2
56 -1 58 -1 59 -1 63 -1 65 -1 -2
65 -1 66 -1 70 -1 71 -1 72 -1 -2
64 -1 65 -1 67 -1 69 -1 74 -1 -2
21 -1 90 -1 91 -1 92 -1 76 -1 -2
61 -1 67 -1 14 -1 22 -1 23 -1 -2
20 -1 21 -1 43 -1 27 -1 28 -1 -2
70 -1 71 -1 72 -1 73 -1 12 -1 -2
35 -1 41 -1 88 -1 79 -1 73 -1 -2
82 -1 93 -1 79 -1 41 -1 67 -1 -2
1 -1 81 -1 89 -1 45 -1 65 -1 -2
75 -1 76 -1 48 -1 54 -1 61 -1 -2
21 -1 28 -1 89 -1 77 -1 67 -1 -2
74 -1 28 -1 88 -1 89 -1 92 -1 -2
54 -1 61 -1 67 -1 73 -1 74 -1 -2
70 -1 71 -1 43 -1 27 -1 28 -1 -2
62 -1 70 -1 71 -1 72 -1 73 -1 -2
38 -1 42 -1 43 -1 67 -1 21 -1 -2
70 -1 71 -1 72 -1 73 -1 92 -1 -2
20 -1 27 -1 28 -1 29 -1 65 -1 -2
86 -1 46 -1 60 -1 28 -1 61 -1 -2
63 -1 64 -1 65 -1 69 -1 70 -1 -2
77 -1 60 -1 66 -1 73 -1 74 -1 -2
60 -1 66 -1 69 -1 73 -1 74 -1 -2
91 -1 67 -1 12 -1 76 -1 67 -1 -2
66 -1 69 -1 71 -1 72 -1 73 -1 -2
75 -1 59 -1 35 -1 36 -1 37 -1 -2
74 -1 42 -1 54 -1 63 -1 70 -1 -2
79 -1 64 -1 65 -1 19 -1 25 -1 -2
60 -1 66 -1 67 -1 74 -1 47 -1 -2
65 -1 70 -1 71 -1 72 -1 73 -1 -2
70 -1 71 -1 72 -1 73 -1 74 -1 -2
47 -1 29 -1 30 -1 31 -1 31 -1 -2
32 -1 87 -1 78 -1 50 -1 55 -1 -2
102 -1 12 -1 25 -1 89 -1 79 -1 -2
67 -1 70 -1 71 -1 72 -1 73 -1 -2
30 -1 31 -1 13 -1 30 -1 77 -1 -2
66 -1 71 -1 73 -1 102 -1 43 -1 -2
61 -1 66 -1 67 -1 72 -1 73 -1 -2
72 -1 73 -1 74 -1 26 -1 27 -1 -2
65 -1 73 -1 31 -1 67 -1 74 -1 -2
73 -1 43 -1 102 -1 20 -1 43 -1 -2
18 -1 61 -1 67 -1 102 -1 92 -1 -2
20 -1 21 -1 27 -1 28 -1 39 -1 -2
69 -1 70 -1 71 -1 72 -1 73 -1 -2
75 -1 64 -1 65 -1 71 -1 70 -1 -2
19 -1 20 -1 43 -1 27 -1 28 -1 -2
53 -1 54 -1 61 -1 67 -1 74 -1 -2
57 -1 37 -1 41 -1 92 -1 54 -1 -2
91 -1 75 -1 76 -1 51 -1 62 -1 -2
70 -1 71 -1 72 -1 73 -1 74 -1 -2
17 -1 85 -1 86 -1 60 -1 66 -1 -2
66 -1 71 -1 72 -1 73 -1 92 -1 -2
66 -1 70 -1 71 -1 72 -1 73 -1 -2
54 -1 56 -1 63 -1 65 -1 70 -1 -2
48 -1 70 -1 21 -1 39 -1 80 -1 -2
67 -1 36 -1 89 -1 74 -1 48 -1 -2
55 -1 56 -1 59 -1 63 -1 69 -1 -2
69 -1 70 -1 71 -1 72 -1 91 -1 -2
90 -1 79 -1 51 -1 58 -1 74 -1 -2
66 -1 67 -1 69 -1 71 -1 73 -1 -2
71 -1 72 -1 37 -1 40 -1 42 -1 -2
45 -1 56 -1 59 -1 65 -1 47 -1 -2
86 -1 45 -1 60 -1 62 -1 69 -1 -2
66 -1 102 -1 21 -1 43 -1 67 -1 -2
61 -1 63 -1 65 -1 67 -1 72 -1 -2
90 -1 46 -1 57 -1 68 -1 79 -1 -2
64 -1 71 -1 72 -1 73 -1 74 -1 -2
62 -1 65 -1 67 -1 70 -1 71 -1 -2
69 -1 12 -1 55 -1 69 -1 47 -1 -2
89 -1 45 -1 70 -1 71 -1 72 -1 -2
60 -1 43 -1 28 -1 19 -1 38 -1 -2
70 -1 71 -1 72 -1 73 -1 74 -1 -2
42 -1 5 -1 78 -1 50 -1 51 -1 -2
54 -1 28 -1 29 -1 30 -1 47 -1 -2
73 -1 15 -1 43 -1 24 -1 28 -1 -2
46 -1 77 -1 78 -1 56 -1 63 -1 -2
12 -1 12 -1 48 -1 54 -1 61 -1 -2
70 -1 71 -1 72 -1 73 -1 74 -1 -2
43 -1 24 -1 44 -1 54 -1 67 -1 -2
8 -1 24 -1 89 -1 90 -1 92 -1 -2
90 -1 91 -1 92 -1 75 -1 76 -1 -2
71 -1 72 -1 73 -1 13 -1 22 -1 -2
80 -1 47 -1 48 -1 67 -1 74 -1 -2
67 -1 69 -1 72 -1 73 -1 74 -1 -2
53 -1 54 -1 61 -1 73 -1 74 -1 -2
60 -1 65 -1 66 -1 72 -1 73 -1 -2
49 -1 50 -1 55 -1 56 -1 63 -1 -2
90 -1 47 -1 67 -1 74 -1 67 -1 -2
67 -1 72 -1 92 -1 16 -1 25 -1 -2
70 -1 61 -1 67 -1 70 -1 71 -1 -2
64 -1 69 -1 70 -1 71 -1 72 -1 -2
70 -1 21 -1 20 -1 21 -1 28 -1 -2
70 -1 71 -1 72 -1 73 -1 74 -1 -2
42 -1 3 -1 46 -1 78 -1 69 -1 -2
63 -1 64 -1 65 -1 70 -1 71 -1 -2
28 -1 75 -1 61 -1 66 -1 73 -1 -2
69 -1 70 -1 71 -1 72 -1 73 -1 -2
47 -1 53 -1 72 -1 73 -1 91 -1 -2
83 -1 84 -1 85 -1 86 -1 88 -1 -2
2 -1 10 -1 76 -1 71 -1 72 -1 -2
24 -1 25 -1 51 -1 54 -1 61 -1 -2
71 -1 10 -1 76 -1 70 -1 71 -1 -2
48 -1 65 -1 69 -1 71 -1 31 -1 -2
65 -1 69 -1 70 -1 71 -1 12 -1 -2
28 -1 89 -1 90 -1 20 -1 90 -1 -2
66 -1 67 -1 73 -1 74 -1 12 -1 -2
60 -1 62 -1 65 -1 67 -1 91 -1 -2
65 -1 66 -1 72 -1 73 -1 74 -1 -2
63 -1 66 -1 67 -1 69 -1 70 -1 -2
59 -1 62 -1 65 -1 69 -1 72 -1 -2
34 -1 5 -1 79 -1 62 -1 69 -1 -2
29 -1 30 -1 31 -1 60 -1 74 -1 -2
65 -1 66 -1 67 -1 73 -1 74 -1 -2
62 -1 67 -1 69 -1 29 -1 31 -1 -2
91 -1 45 -1 46 -1 76 -1 72 -1 -2
72 -1 73 -1 44 -1 76 -1 48 -1 -2
49 -1 91 -1 92 -1 -2
71 -1 72 -1 73 -1 74 -1 20 -1 -2
91 -1 68 -1 76 -1 48 -1 72 -1 -2
88 -1 92 -1 79 -1 54 -1 61 -1 -2
24 -1 25 -1 44 -1 35 -1 77 -1 -2
64 -1 66 -1 71 -1 72 -1 73 -1 -2
87 -1 88 -1 19 -1 20 -1 58 -1 -2
43 -1 28 -1 60 -1 66 -1 73 -1 -2
67 -1 70 -1 72 -1 73 -1 74 -1 -2
76 -1 92 -1 25 -1 44 -1 27 -1 -2
78 -1 79 -1 62 -1 70 -1 71 -1 -2
74 -1 30 -1 91 -1 73 -1 74 -1 -2
51 -1 58 -1 64 -1 70 -1 71 -1 -2
20 -1 21 -1 28 -1 21 -1 54 -1 -2
13 -1 22 -1 49 -1 20 -1 28 -1 -2
2 -1 96 -1 89 -1 60 -1 73 -1 -2
14 -1 22 -1 24 -1 77 -1 13 -1 -2
90 -1 68 -1 60 -1 65 -1 72 -1 -2
62 -1 65 -1 66 -1 67 -1 74 -1 -2
55 -1 58 -1 2 -1 67 -1 74 -1 -2
70 -1 71 -1 72 -1 73 -1 74 -1 -2
69 -1 70 -1 71 -1 72 -1 12 -1 -2
72 -1 73 -1 74 -1 70 -1 71 -1 -2
73 -1 74 -1 14 -1 23 -1 92 -1 -2
66 -1 33 -1 93 -1 60 -1 66 -1 -2
66 -1 67 -1 72 -1 73 -1 74 -1 -2
52 -1 62 -1 67 -1 73 -1 74 -1 -2
22 -1 23 -1 24 -1 25 -1 60 -1 -2
59 -1 60 -1 61 -1 65 -1 74 -1 -2
48 -1 54 -1 61 -1 67 -1 74 -1 -2
58 -1 62 -1 69 -1 70 -1 71 -1 -2
46 -1 78 -1 48 -1 56 -1 90 -1 -2
74 -1 87 -1 48 -1 54 -1 60 -1 -2
12 -1 19 -1 28 -1 76 -1 12 -1 -2
52 -1 54 -1 62 -1 69 -1 74 -1 -2
70 -1 71 -1 72 -1 20 -1 28 -1 -2
70 -1 71 -1 72 -1 73 -1 74 -1 -2
48 -1 -2
80 -1 50 -1 52 -1 56 -1 63 -1 -2
42 -1 95 -1 90 -1 91 -1 56 -1 -2
70 -1 71 -1 72 -1 73 -1 32 -1 -2
7 -1 1 -1 81 -1 58 -1 92 -1 -2
102 -1 89 -1 92 -1 102 -1 43 -1 -2
50 -1 56 -1 70 -1 14 -1 23 -1 -2
69 -1 70 -1 71 -1 72 -1 13 -1 -2
74 -1 91 -1 92 -1 76 -1 48 -1 -2
63 -1 14 -1 23 -1 24 -1 95 -1 -2
70 -1 71 -1 72 -1 73 -1 74 -1 -2
86 -1 46 -1 56 -1 63 -1 74 -1 -2
21 -1 22 -1 23 -1 30 -1 31 -1 -2
12 -1 13 -1 21 -1 22 -1 74 -1 -2
20 -1 43 -1 40 -1 91 -1 12 -1 -2
61 -1 64 -1 65 -1 66 -1 67 -1 -2
62 -1 63 -1 64 -1 65 -1 48 -1 -2
19 -1 20 -1 21 -1 28 -1 64 -1 -2
36 -1 37 -1 38 -1 21 -1 29 -1 -2
45 -1 77 -1 14 -1 22 -1 16 -1 -2
32 -1 47 -1 52 -1 53 -1 67 -1 -2
90 -1 46 -1 56 -1 63 -1 69 -1 -2
31 -1 2 -1 11 -1 82 -1 47 -1 -2
59 -1 60 -1 64 -1 66 -1 69 -1 -2
80 -1 93 -1 43 -1 34 -1 80 -1 -2
79 -1 51 -1 55 -1 56 -1 67 -1 -2
66 -1 67 -1 72 -1 73 -1 74 -1 -2
55 -1 69 -1 24 -1 49 -1 12 -1 -2
88 -1 51 -1 59 -1 65 -1 72 -1 -2
77 -1 48 -1 70 -1 71 -1 72 -1 -2
52 -1 53 -1 65 -1 61 -1 22 -1 -2
53 -1 54 -1 60 -1 61 -1 66 -1 -2
80 -1 47 -1 53 -1 60 -1 66 -1 -2
73 -1 74 -1 21 -1 43 -1 30 -1 -2
72 -1 73 -1 12 -1 69 -1 70 -1 -2
19 -1 20 -1 11 -1 65 -1 72 -1 -2
28 -1 75 -1 12 -1 49 -1 61 -1 -2
66 -1 72 -1 73 -1 28 -1 48 -1 -2
52 -1 54 -1 59 -1 60 -1 65 -1 -2
37 -1 39 -1 40 -1 76 -1 77 -1 -2
28 -1 92 -1 54 -1 102 -1 28 -1 -2
89 -1 92 -1 45 -1 62 -1 69 -1 -2
69 -1 71 -1 72 -1 73 -1 74 -1 -2
69 -1 70 -1 71 -1 73 -1 74 -1 -2
22 -1 23 -1 81 -1 77 -1 78 -1 -2
77 -1 66 -1 4 -1 88 -1 92 -1 -2
48 -1 62 -1 66 -1 67 -1 21 -1 -2
80 -1 47 -1 52 -1 53 -1 59 -1 -2
67 -1 102 -1 12 -1 76 -1 67 -1 -2
69 -1 70 -1 71 -1 72 -1 73 -1 -2
74 -1 23 -1 54 -1 61 -1 67 -1 -2
1 -1 81 -1 77 -1 61 -1 74 -1 -2
29 -1 12 -1 13 -1 12 -1 13 -1 -2
21 -1 28 -1 66 -1 67 -1 31 -1 -2
62 -1 65 -1 66 -1 69 -1 102 -1 -2
11 -1 90 -1 76 -1 60 -1 70 -1 -2
61 -1 65 -1 67 -1 69 -1 74 -1 -2
77 -1 69 -1 44 -1 91 -1 76 -1 -2
42 -1 93 -1 90 -1 91 -1 68 -1 -2
21 -1 92 -1 28 -1 89 -1 90 -1 -2
72 -1 73 -1 74 -1 34 -1 92 -1 -2
51 -1 55 -1 58 -1 64 -1 71 -1 -2
72 -1 73 -1 24 -1 39 -1 11 -1 -2
20 -1 21 -1 28 -1 53 -1 60 -1 -2
79 -1 49 -1 62 -1 12 -1 90 -1 -2
64 -1 69 -1 70 -1 71 -1 73 -1 -2
66 -1 67 -1 72 -1 73 -1 74 -1 -2
65 -1 70 -1 71 -1 72 -1 73 -1 -2
74 -1 15 -1 19 -1 24 -1 54 -1 -2
23 -1 24 -1 34 -1 89 -1 48 -1 -2
72 -1 73 -1 30 -1 66 -1 73 -1 -2
27 -1 1 -1 81 -1 77 -1 54 -1 -2
69 -1 70 -1 71 -1 72 -1 73 -1 -2
5 -1 88 -1 79 -1 51 -1 47 -1 -2
29 -1 30 -1 31 -1 59 -1 65 -1 -2
66 -1 67 -1 74 -1 67 -1 74 -1 -2
70 -1 20 -1 21 -1 41 -1 76 -1 -2
67 -1 69 -1 70 -1 71 -1 73 -1 -2
67 -1 69 -1 73 -1 74 -1 12 -1 -2
69 -1 70 -1 71 -1 72 -1 73 -1 -2
66 -1 70 -1 71 -1 72 -1 73 -1 -2
1 -1 81 -1 82 -1 93 -1 85 -1 -2
13 -1 12 -1 12 -1 61 -1 67 -1 -2
70 -1 71 -1 74 -1 29 -1 74 -1 -2
64 -1 65 -1 67 -1 71 -1 74 -1 -2
57 -1 75 -1 54 -1 65 -1 21 -1 -2
48 -1 53 -1 60 -1 66 -1 30 -1 -2
64 -1 65 -1 69 -1 70 -1 71 -1 -2
89 -1 91 -1 92 -1 77 -1 47 -1 -2
79 -1 50 -1 51 -1 67 -1 74 -1 -2
64 -1 65 -1 66 -1 70 -1 71 -1 -2
90 -1 91 -1 76 -1 66 -1 72 -1 -2
71 -1 72 -1 14 -1 23 -1 73 -1 -2
72 -1 73 -1 12 -1 29 -1 30 -1 -2
70 -1 71 -1 72 -1 73 -1 74 -1 -2
32 -1 92 -1 54 -1 20 -1 21 -1 -2
66 -1 76 -1 12 -1 20 -1 91 -1 -2
69 -1 71 -1 72 -1 73 -1 74 -1 -2
21 -1 30 -1 20 -1 21 -1 29 -1 -2
70 -1 71 -1 72 -1 73 -1 74 -1 -2
51 -1 55 -1 58 -1 63 -1 88 -1 -2
44 -1 4 -1 1 -1 81 -1 45 -1 -2
70 -1 71 -1 72 -1 73 -1 74 -1 -2
76 -1 48 -1 49 -1 55 -1 76 -1 -2
61 -1 63 -1 64 -1 65 -1 67 -1 -2
90 -1 68 -1 48 -1 70 -1 71 -1 -2
66 -1 69 -1 70 -1 71 -1 72 -1 -2
13 -1 47 -1 66 -1 12 -1 23 -1 -2
89 -1 92 -1 57 -1 76 -1 64 -1 -2
65 -1 71 -1 91 -1 92 -1 91 -1 -2
48 -1 18 -1 28 -1 66 -1 73 -1 -2
13 -1 22 -1 49 -1 89 -1 92 -1 -2
50 -1 51 -1 56 -1 58 -1 63 -1 -2
14 -1 20 -1 21 -1 23 -1 1 -1 -2
60 -1 63 -1 64 -1 65 -1 66 -1 -2
25 -1 89 -1 90 -1 91 -1 92 -1 -2
49 -1 50 -1 51 -1 58 -1 71 -1 -2
67 -1 72 -1 73 -1 53 -1 73 -1 -2
69 -1 20 -1 43 -1 28 -1 78 -1 -2
74 -1 20 -1 20 -1 60 -1 66 -1 -2
71 -1 72 -1 74 -1 19 -1 54 -1 -2
92 -1 76 -1 48 -1 61 -1 74 -1 -2
30 -1 31 -1 31 -1 30 -1 31 -1 -2
79 -1 80 -1 50 -1 52 -1 55 -1 -2
56 -1 58 -1 59 -1 61 -1 69 -1 -2
85 -1 90 -1 55 -1 70 -1 71 -1 -2
74 -1 12 -1 43 -1 27 -1 90 -1 -2
49 -1 54 -1 61 -1 24 -1 74 -1 -2
58 -1 62 -1 63 -1 66 -1 69 -1 -2
49 -1 55 -1 58 -1 70 -1 71 -1 -2
23 -1 11 -1 49 -1 72 -1 73 -1 -2
35 -1 36 -1 34 -1 82 -1 49 -1 -2
56 -1 58 -1 63 -1 27 -1 33 -1 -2
56 -1 58 -1 59 -1 62 -1 63 -1 -2
64 -1 70 -1 71 -1 13 -1 92 -1 -2
10 -1 11 -1 48 -1 43 -1 29 -1 -2
72 -1 73 -1 74 -1 12 -1 34 -1 -2
44 -1 92 -1 77 -1 49 -1 55 -1 -2
43 -1 43 -1 27 -1 91 -1 67 -1 -2
76 -1 47 -1 53 -1 60 -1 66 -1 -2
78 -1 49 -1 50 -1 56 -1 70 -1 -2
65 -1 69 -1 70 -1 71 -1 72 -1 -2
50 -1 52 -1 53 -1 55 -1 60 -1 -2
11 -1 72 -1 74 -1 11 -1 74 -1 -2
64 -1 65 -1 67 -1 70 -1 71 -1 -2
66 -1 67 -1 91 -1 67 -1 74 -1 -2
60 -1 64 -1 66 -1 71 -1 72 -1 -2
74 -1 21 -1 54 -1 61 -1 31 -1 -2
88 -1 79 -1 51 -1 71 -1 21 -1 -2
60 -1 66 -1 37 -1 5 -1 66 -1 -2
91 -1 54 -1 61 -1 67 -1 74 -1 -2
64 -1 66 -1 71 -1 72 -1 73 -1 -2
66 -1 67 -1 71 -1 72 -1 74 -1 -2
70 -1 71 -1 72 -1 73 -1 74 -1 -2
61 -1 65 -1 66 -1 72 -1 73 -1 -2
67 -1 70 -1 71 -1 72 -1 74 -1 -2
11 -1 49 -1 55 -1 70 -1 71 -1 -2
60 -1 65 -1 66 -1 74 -1 12 -1 -2
72 -1 73 -1 74 -1 12 -1 76 -1 -2
12 -1 12 -1 48 -1 54 -1 61 -1 -2
47 -1 54 -1 67 -1 22 -1 25 -1 -2
61 -1 67 -1 72 -1 73 -1 74 -1 -2
22 -1 1 -1 81 -1 77 -1 49 -1 -2
64 -1 66 -1 72 -1 73 -1 74 -1 -2
52 -1 55 -1 70 -1 71 -1 47 -1 -2
80 -1 49 -1 52 -1 59 -1 73 -1 -2
81 -1 47 -1 53 -1 23 -1 24 -1 -2
60 -1 61 -1 66 -1 67 -1 74 -1 -2
47 -1 53 -1 61 -1 65 -1 66 -1 -2
59 -1 64 -1 65 -1 66 -1 73 -1 -2
58 -1 59 -1 64 -1 65 -1 66 -1 -2
66 -1 67 -1 72 -1 73 -1 74 -1 -2
42 -1 5 -1 61 -1 62 -1 21 -1 -2
63 -1 64 -1 69 -1 70 -1 71 -1 -2
72 -1 73 -1 21 -1 92 -1 27 -1 -2
90 -1 12 -1 61 -1 92 -1 69 -1 -2
27 -1 28 -1 1 -1 92 -1 28 -1 -2
76 -1 49 -1 54 -1 89 -1 92 -1 -2
50 -1 56 -1 63 -1 99 -1 100 -1 -2
70 -1 71 -1 72 -1 73 -1 73 -1 -2
63 -1 66 -1 67 -1 69 -1 74 -1 -2
65 -1 66 -1 67 -1 73 -1 74 -1 -2
72 -1 73 -1 102 -1 47 -1 47 -1 -2
99 -1 45 -1 46 -1 72 -1 29 -1 -2
56 -1 58 -1 60 -1 67 -1 69 -1 -2
65 -1 66 -1 69 -1 70 -1 71 -1 -2
66 -1 67 -1 74 -1 19 -1 27 -1 -2
65 -1 71 -1 72 -1 90 -1 91 -1 -2
44 -1 11 -1 89 -1 76 -1 49 -1 -2
36 -1 38 -1 5 -1 82 -1 93 -1 -2
72 -1 73 -1 74 -1 65 -1 92 -1 -2
67 -1 70 -1 71 -1 72 -1 41 -1 -2
8 -1 11 -1 70 -1 71 -1 73 -1 -2
53 -1 55 -1 59 -1 60 -1 69 -1 -2
55 -1 12 -1 16 -1 87 -1 12 -1 -2
56 -1 58 -1 59 -1 63 -1 64 -1 -2
63 -1 70 -1 21 -1 25 -1 92 -1 -2
66 -1 67 -1 71 -1 72 -1 73 -1 -2
91 -1 76 -1 48 -1 54 -1 67 -1 -2
77 -1 48 -1 54 -1 61 -1 74 -1 -2
69 -1 70 -1 71 -1 72 -1 73 -1 -2
24 -1 32 -1 40 -1 95 -1 96 -1 -2
61 -1 62 -1 63 -1 67 -1 69 -1 -2
67 -1 69 -1 70 -1 71 -1 72 -1 -2
67 -1 69 -1 72 -1 73 -1 74 -1 -2
67 -1 71 -1 72 -1 73 -1 74 -1 -2
58 -1 63 -1 67 -1 74 -1 70 -1 -2
69 -1 71 -1 72 -1 73 -1 74 -1 -2
72 -1 73 -1 19 -1 20 -1 21 -1 -2
58 -1 70 -1 92 -1 98 -1 68 -1 -2
35 -1 37 -1 38 -1 40 -1 41 -1 -2
87 -1 92 -1 101 -1 102 -1 92 -1 -2
91 -1 28 -1 91 -1 12 -1 12 -1 -2
54 -1 61 -1 67 -1 69 -1 74 -1 -2
66 -1 69 -1 70 -1 71 -1 72 -1 -2
22 -1 54 -1 61 -1 67 -1 74 -1 -2
34 -1 5 -1 74 -1 19 -1 28 -1 -2
12 -1 12 -1 85 -1 65 -1 72 -1 -2
52 -1 56 -1 58 -1 59 -1 65 -1 -2
65 -1 48 -1 54 -1 61 -1 67 -1 -2
66 -1 70 -1 71 -1 72 -1 73 -1 -2
90 -1 91 -1 92 -1 12 -1 29 -1 -2
77 -1 59 -1 65 -1 41 -1 77 -1 -2
60 -1 63 -1 66 -1 69 -1 70 -1 -2
71 -1 72 -1 73 -1 74 -1 74 -1 -2
48 -1 54 -1 61 -1 67 -1 74 -1 -2
40 -1 87 -1 92 -1 75 -1 76 -1 -2
92 -1 76 -1 48 -1 53 -1 61 -1 -2
63 -1 64 -1 65 -1 69 -1 70 -1 -2
67 -1 69 -1 70 -1 71 -1 72 -1 -2
57 -1 51 -1 54 -1 58 -1 72 -1 -2
62 -1 63 -1 70 -1 56 -1 63 -1 -2
64 -1 65 -1 70 -1 71 -1 72 -1 -2
51 -1 58 -1 47 -1 48 -1 91 -1 -2
63 -1 64 -1 70 -1 71 -1 72 -1 -2
32 -1 33 -1 6 -1 87 -1 70 -1 -2
91 -1 92 -1 69 -1 70 -1 71 -1 -2
65 -1 69 -1 70 -1 71 -1 38 -1 -2
21 -1 27 -1 28 -1 87 -1 61 -1 -2
18 -1 19 -1 20 -1 21 -1 28 -1 -2
60 -1 61 -1 65 -1 73 -1 74 -1 -2
22 -1 23 -1 3 -1 69 -1 12 -1 -2
58 -1 64 -1 71 -1 92 -1 28 -1 -2
61 -1 62 -1 17 -1 27 -1 62 -1 -2
36 -1 37 -1 38 -1 39 -1 40 -1 -2
61 -1 67 -1 69 -1 19 -1 74 -1 -2
77 -1 48 -1 54 -1 59 -1 61 -1 -2
87 -1 75 -1 77 -1 58 -1 64 -1 -2
102 -1 12 -1 28 -1 92 -1 12 -1 -2
60 -1 70 -1 71 -1 72 -1 73 -1 -2
65 -1 66 -1 67 -1 73 -1 74 -1 -2
64 -1 70 -1 71 -1 72 -1 74 -1 -2
62 -1 92 -1 14 -1 74 -1 19 -1 -2
76 -1 53 -1 49 -1 74 -1 67 -1 -2
67 -1 73 -1 74 -1 102 -1 74 -1 -2
78 -1 50 -1 54 -1 65 -1 73 -1 -2
24 -1 25 -1 47 -1 53 -1 28 -1 -2
66 -1 15 -1 24 -1 28 -1 92 -1 -2
60 -1 66 -1 71 -1 72 -1 73 -1 -2
57 -1 79 -1 51 -1 59 -1 69 -1 -2
63 -1 64 -1 70 -1 71 -1 74 -1 -2
59 -1 60 -1 62 -1 65 -1 69 -1 -2
40 -1 52 -1 44 -1 80 -1 52 -1 -2
50 -1 55 -1 56 -1 63 -1 70 -1 -2
63 -1 70 -1 71 -1 70 -1 92 -1 -2
61 -1 65 -1 66 -1 67 -1 74 -1 -2
69 -1 71 -1 72 -1 73 -1 74 -1 -2
77 -1 78 -1 49 -1 50 -1 56 -1 -2
66 -1 67 -1 71 -1 72 -1 73 -1 -2
99 -1 46 -1 78 -1 49 -1 70 -1 -2
56 -1 69 -1 70 -1 73 -1 74 -1 -2
73 -1 74 -1 1 -1 81 -1 90 -1 -2
66 -1 67 -1 73 -1 74 -1 67 -1 -2
61 -1 66 -1 67 -1 73 -1 74 -1 -2
32 -1 37 -1 38 -1 41 -1 74 -1 -2
92 -1 77 -1 78 -1 55 -1 62 -1 -2
27 -1 5 -1 48 -1 102 -1 43 -1 -2
73 -1 74 -1 43 -1 27 -1 12 -1 -2
87 -1 88 -1 51 -1 58 -1 72 -1 -2
48 -1 61 -1 66 -1 73 -1 74 -1 -2
59 -1 60 -1 65 -1 66 -1 73 -1 -2
28 -1 77 -1 60 -1 61 -1 69 -1 -2
65 -1 67 -1 69 -1 70 -1 12 -1 -2
21 -1 23 -1 24 -1 25 -1 47 -1 -2
19 -1 89 -1 90 -1 91 -1 73 -1 -2
74 -1 19 -1 20 -1 21 -1 28 -1 -2
14 -1 15 -1 23 -1 24 -1 19 -1 -2
73 -1 74 -1 15 -1 92 -1 61 -1 -2
63 -1 66 -1 67 -1 73 -1 74 -1 -2
66 -1 69 -1 72 -1 74 -1 47 -1 -2
74 -1 12 -1 12 -1 20 -1 28 -1 -2
65 -1 69 -1 17 -1 90 -1 75 -1 -2
69 -1 70 -1 71 -1 72 -1 73 -1 -2
51 -1 62 -1 69 -1 71 -1 74 -1 -2
40 -1 81 -1 77 -1 79 -1 49 -1 -2
90 -1 91 -1 60 -1 73 -1 12 -1 -2
67 -1 71 -1 72 -1 73 -1 74 -1 -2
71 -1 72 -1 73 -1 74 -1 92 -1 -2
65 -1 66 -1 67 -1 73 -1 12 -1 -2
71 -1 72 -1 73 -1 74 -1 18 -1 -2
70 -1 71 -1 72 -1 73 -1 74 -1 -2
71 -1 72 -1 73 -1 74 -1 89 -1 -2
80 -1 52 -1 72 -1 43 -1 25 -1 -2
33 -1 35 -1 40 -1 1 -1 67 -1 -2
54 -1 61 -1 66 -1 69 -1 74 -1 -2
54 -1 55 -1 61 -1 73 -1 74 -1 -2
76 -1 61 -1 67 -1 73 -1 74 -1 -2
65 -1 66 -1 67 -1 71 -1 72 -1 -2
59 -1 60 -1 67 -1 73 -1 74 -1 -2
60 -1 65 -1 66 -1 67 -1 73 -1 -2
71 -1 72 -1 73 -1 74 -1 28 -1 -2
97 -1 89 -1 51 -1 73 -1 74 -1 -2
30 -1 31 -1 21 -1 74 -1 30 -1 -2
42 -1 96 -1 97 -1 98 -1 67 -1 -2
70 -1 71 -1 72 -1 73 -1 76 -1 -2
69 -1 70 -1 71 -1 73 -1 74 -1 -2
15 -1 24 -1 47 -1 67 -1 16 -1 -2
69 -1 70 -1 43 -1 89 -1 89 -1 -2
66 -1 67 -1 72 -1 73 -1 87 -1 -2
55 -1 56 -1 61 -1 63 -1 67 -1 -2
2 -1 11 -1 87 -1 57 -1 72 -1 -2
23 -1 25 -1 91 -1 49 -1 58 -1 -2
47 -1 60 -1 66 -1 72 -1 73 -1 -2
69 -1 70 -1 71 -1 72 -1 73 -1 -2
68 -1 71 -1 72 -1 73 -1 92 -1 -2
70 -1 71 -1 72 -1 73 -1 74 -1 -2
59 -1 69 -1 5 -1 19 -1 5 -1 -2
65 -1 66 -1 67 -1 73 -1 74 -1 -2
44 -1 48 -1 61 -1 67 -1 74 -1 -2
65 -1 73 -1 43 -1 87 -1 73 -1 -2
1 -1 91 -1 76 -1 77 -1 74 -1 -2
48 -1 92 -1 18 -1 26 -1 27 -1 -2
22 -1 29 -1 11 -1 53 -1 28 -1 -2
32 -1 33 -1 35 -1 36 -1 82 -1 -2
87 -1 58 -1 59 -1 63 -1 70 -1 -2
66 -1 67 -1 71 -1 73 -1 74 -1 -2
64 -1 71 -1 72 -1 88 -1 89 -1 -2
94 -1 77 -1 49 -1 55 -1 69 -1 -2
79 -1 49 -1 51 -1 58 -1 59 -1 -2
47 -1 51 -1 53 -1 60 -1 72 -1 -2
67 -1 74 -1 76 -1 54 -1 67 -1 -2
86 -1 91 -1 78 -1 50 -1 55 -1 -2
59 -1 60 -1 65 -1 66 -1 73 -1 -2
33 -1 35 -1 1 -1 81 -1 77 -1 -2
45 -1 62 -1 65 -1 67 -1 74 -1 -2
35 -1 38 -1 39 -1 40 -1 42 -1 -2
65 -1 66 -1 69 -1 70 -1 71 -1 -2
57 -1 58 -1 64 -1 65 -1 70 -1 -2
66 -1 70 -1 71 -1 72 -1 73 -1 -2
48 -1 69 -1 70 -1 71 -1 74 -1 -2
65 -1 66 -1 71 -1 72 -1 73 -1 -2
54 -1 76 -1 48 -1 54 -1 61 -1 -2
63 -1 64 -1 65 -1 69 -1 91 -1 -2
47 -1 52 -1 53 -1 60 -1 66 -1 -2
66 -1 67 -1 72 -1 73 -1 74 -1 -2
64 -1 74 -1 23 -1 12 -1 11 -1 -2
63 -1 64 -1 69 -1 92 -1 90 -1 -2
70 -1 71 -1 72 -1 73 -1 34 -1 -2
58 -1 64 -1 65 -1 66 -1 89 -1 -2
52 -1 59 -1 65 -1 67 -1 12 -1 -2
43 -1 11 -1 89 -1 91 -1 92 -1 -2
63 -1 64 -1 69 -1 70 -1 74 -1 -2
59 -1 64 -1 65 -1 67 -1 70 -1 -2
65 -1 66 -1 19 -1 27 -1 76 -1 -2
67 -1 72 -1 73 -1 74 -1 74 -1 -2
66 -1 67 -1 72 -1 73 -1 74 -1 -2
11 -1 19 -1 43 -1 90 -1 74 -1 -2
68 -1 76 -1 79 -1 51 -1 73 -1 -2
65 -1 66 -1 67 -1 73 -1 74 -1 -2
92 -1 29 -1 7 -1 58 -1 74 -1 -2
80 -1 52 -1 59 -1 60 -1 65 -1 -2
69 -1 47 -1 48 -1 54 -1 92 -1 -2
54 -1 59 -1 60 -1 66 -1 73 -1 -2
64 -1 65 -1 66 -1 72 -1 73 -1 -2
66 -1 69 -1 72 -1 73 -1 74 -1 -2
70 -1 71 -1 72 -1 73 -1 74 -1 -2
49 -1 63 -1 64 -1 66 -1 70 -1 -2
63 -1 64 -1 65 -1 70 -1 71 -1 -2
73 -1 12 -1 45 -1 2 -1 76 -1 -2
45 -1 50 -1 56 -1 59 -1 63 -1 -2
70 -1 71 -1 72 -1 73 -1 74 -1 -2
71 -1 73 -1 74 -1 21 -1 91 -1 -2
65 -1 66 -1 67 -1 73 -1 74 -1 -2
70 -1 71 -1 72 -1 73 -1 74 -1 -2
2 -1 74 -1 91 -1 2 -1 73 -1 -2
69 -1 72 -1 73 -1 74 -1 66 -1 -2
62 -1 65 -1 66 -1 72 -1 73 -1 -2
71 -1 72 -1 73 -1 12 -1 23 -1 -2
15 -1 16 -1 32 -1 38 -1 45 -1 -2
66 -1 71 -1 72 -1 73 -1 74 -1 -2
1 -1 81 -1 82 -1 45 -1 77 -1 -2
59 -1 60 -1 65 -1 66 -1 73 -1 -2
64 -1 67 -1 70 -1 71 -1 73 -1 -2
5 -1 11 -1 53 -1 65 -1 66 -1 -2
80 -1 47 -1 65 -1 66 -1 67 -1 -2
65 -1 11 -1 43 -1 11 -1 65 -1 -2
54 -1 61 -1 67 -1 73 -1 74 -1 -2
73 -1 74 -1 28 -1 20 -1 28 -1 -2
49 -1 54 -1 61 -1 67 -1 74 -1 -2
77 -1 70 -1 16 -1 1 -1 81 -1 -2
66 -1 67 -1 69 -1 73 -1 74 -1 -2
73 -1 74 -1 20 -1 67 -1 74 -1 -2
20 -1 28 -1 54 -1 15 -1 28 -1 -2
46 -1 61 -1 62 -1 65 -1 69 -1 -2
39 -1 41 -1 96 -1 97 -1 45 -1 -2
70 -1 71 -1 72 -1 73 -1 11 -1 -2
70 -1 71 -1 72 -1 73 -1 28 -1 -2
65 -1 66 -1 67 -1 73 -1 74 -1 -2
40 -1 41 -1 79 -1 73 -1 74 -1 -2
59 -1 60 -1 61 -1 67 -1 74 -1 -2
66 -1 70 -1 71 -1 72 -1 73 -1 -2
54 -1 60 -1 65 -1 66 -1 73 -1 -2
65 -1 66 -1 70 -1 71 -1 72 -1 -2
80 -1 49 -1 52 -1 63 -1 69 -1 -2
102 -1 18 -1 90 -1 76 -1 72 -1 -2
71 -1 72 -1 73 -1 74 -1 12 -1 -2
69 -1 72 -1 73 -1 74 -1 12 -1 -2
74 -1 102 -1 18 -1 43 -1 11 -1 -2
14 -1 23 -1 14 -1 23 -1 69 -1 -2
70 -1 71 -1 72 -1 73 -1 74 -1 -2
66 -1 28 -1 11 -1 76 -1 47 -1 -2
59 -1 60 -1 65 -1 66 -1 73 -1 -2
18 -1 19 -1 24 -1 28 -1 48 -1 -2
20 -1 28 -1 90 -1 47 -1 54 -1 -2
66 -1 70 -1 71 -1 72 -1 73 -1 -2
58 -1 59 -1 64 -1 65 -1 72 -1 -2
58 -1 60 -1 66 -1 102 -1 43 -1 -2
60 -1 64 -1 65 -1 66 -1 73 -1 -2
56 -1 63 -1 69 -1 70 -1 89 -1 -2
65 -1 66 -1 12 -1 41 -1 74 -1 -2
67 -1 2 -1 2 -1 48 -1 54 -1 -2
76 -1 48 -1 52 -1 65 -1 73 -1 -2
74 -1 12 -1 92 -1 80 -1 54 -1 -2
75 -1 47 -1 53 -1 60 -1 74 -1 -2
71 -1 21 -1 20 -1 21 -1 43 -1 -2
69 -1 73 -1 74 -1 11 -1 11 -1 -2
92 -1 75 -1 76 -1 48 -1 55 -1 -2
90 -1 91 -1 90 -1 28 -1 90 -1 -2
47 -1 91 -1 92 -1 21 -1 28 -1 -2
74 -1 36 -1 20 -1 23 -1 22 -1 -2
53 -1 11 -1 54 -1 19 -1 92 -1 -2
47 -1 53 -1 62 -1 71 -1 54 -1 -2
68 -1 72 -1 21 -1 37 -1 8 -1 -2
65 -1 43 -1 41 -1 42 -1 65 -1 -2
49 -1 51 -1 55 -1 58 -1 64 -1 -2
19 -1 43 -1 43 -1 24 -1 65 -1 -2
68 -1 79 -1 80 -1 63 -1 64 -1 -2
60 -1 61 -1 66 -1 67 -1 67 -1 -2
2 -1 11 -1 49 -1 11 -1 49 -1 -2
69 -1 70 -1 71 -1 72 -1 73 -1 -2
29 -1 53 -1 60 -1 66 -1 11 -1 -2
76 -1 2 -1 90 -1 43 -1 91 -1 -2
3 -1 5 -1 9 -1 1 -1 45 -1 -2
47 -1 53 -1 60 -1 66 -1 73 -1 -2
87 -1 45 -1 62 -1 67 -1 70 -1 -2
64 -1 65 -1 66 -1 71 -1 72 -1 -2
88 -1 79 -1 51 -1 58 -1 72 -1 -2
28 -1 84 -1 76 -1 65 -1 72 -1 -2
73 -1 18 -1 21 -1 92 -1 18 -1 -2
72 -1 73 -1 74 -1 47 -1 48 -1 -2
59 -1 66 -1 9 -1 10 -1 73 -1 -2
74 -1 91 -1 80 -1 47 -1 53 -1 -2
65 -1 66 -1 71 -1 72 -1 73 -1 -2
33 -1 42 -1 47 -1 53 -1 60 -1 -2
64 -1 65 -1 66 -1 67 -1 73 -1 -2
59 -1 62 -1 63 -1 64 -1 65 -1 -2
62 -1 64 -1 71 -1 72 -1 28 -1 -2
90 -1 54 -1 61 -1 68 -1 75 -1 -2
8 -1 86 -1 87 -1 63 -1 70 -1 -2
86 -1 87 -1 55 -1 69 -1 70 -1 -2
56 -1 58 -1 62 -1 67 -1 74 -1 -2
64 -1 70 -1 41 -1 49 -1 55 -1 -2
69 -1 70 -1 71 -1 72 -1 73 -1 -2
74 -1 12 -1 34 -1 87 -1 55 -1 -2
65 -1 66 -1 74 -1 20 -1 74 -1 -2
64 -1 65 -1 67 -1 72 -1 74 -1 -2
44 -1 41 -1 96 -1 45 -1 69 -1 -2
53 -1 60 -1 2 -1 61 -1 66 -1 -2
22 -1 23 -1 9 -1 64 -1 65 -1 -2
46 -1 78 -1 79 -1 49 -1 50 -1 -2
48 -1 54 -1 48 -1 67 -1 73 -1 -2
18 -1 43 -1 53 -1 60 -1 61 -1 -2
20 -1 91 -1 20 -1 61 -1 40 -1 -2
78 -1 66 -1 73 -1 74 -1 65 -1 -2
12 -1 23 -1 90 -1 49 -1 54 -1 -2
58 -1 63 -1 64 -1 69 -1 70 -1 -2
67 -1 69 -1 71 -1 72 -1 73 -1 -2
71 -1 72 -1 91 -1 12 -1 11 -1 -2
73 -1 74 -1 54 -1 61 -1 66 -1 -2
73 -1 74 -1 19 -1 43 -1 27 -1 -2
49 -1 67 -1 37 -1 38 -1 69 -1 -2
27 -1 20 -1 74 -1 43 -1 11 -1 -2
66 -1 70 -1 71 -1 72 -1 73 -1 -2
66 -1 71 -1 72 -1 73 -1 74 -1 -2
58 -1 63 -1 64 -1 70 -1 71 -1 -2
50 -1 56 -1 58 -1 63 -1 64 -1 -2
62 -1 63 -1 64 -1 65 -1 69 -1 -2
92 -1 53 -1 60 -1 66 -1 73 -1 -2
74 -1 90 -1 91 -1 92 -1 68 -1 -2
70 -1 71 -1 72 -1 73 -1 66 -1 -2
53 -1 59 -1 60 -1 65 -1 72 -1 -2
54 -1 61 -1 67 -1 23 -1 54 -1 -2
60 -1 65 -1 66 -1 72 -1 73 -1 -2
90 -1 24 -1 74 -1 24 -1 74 -1 -2
60 -1 64 -1 65 -1 66 -1 73 -1 -2
35 -1 36 -1 37 -1 84 -1 55 -1 -2
66 -1 70 -1 71 -1 72 -1 73 -1 -2
55 -1 58 -1 64 -1 69 -1 74 -1 -2
67 -1 69 -1 70 -1 71 -1 72 -1 -2
55 -1 56 -1 63 -1 70 -1 71 -1 -2
54 -1 22 -1 61 -1 67 -1 74 -1 -2
88 -1 90 -1 49 -1 51 -1 58 -1 -2
21 -1 28 -1 76 -1 48 -1 61 -1 -2
63 -1 64 -1 65 -1 66 -1 70 -1 -2
73 -1 18 -1 19 -1 43 -1 28 -1 -2
73 -1 19 -1 20 -1 28 -1 54 -1 -2
62 -1 66 -1 67 -1 73 -1 74 -1 -2
23 -1 24 -1 48 -1 61 -1 67 -1 -2
65 -1 66 -1 71 -1 72 -1 73 -1 -2
70 -1 71 -1 72 -1 73 -1 92 -1 -2
68 -1 75 -1 76 -1 70 -1 71 -1 -2
2 -1 11 -1 77 -1 49 -1 65 -1 -2
62 -1 63 -1 64 -1 70 -1 71 -1 -2
87 -1 88 -1 79 -1 51 -1 78 -1 -2
92 -1 77 -1 67 -1 73 -1 74 -1 -2
55 -1 56 -1 58 -1 63 -1 64 -1 -2
71 -1 72 -1 73 -1 67 -1 73 -1 -2
11 -1 64 -1 65 -1 66 -1 67 -1 -2
41 -1 46 -1 77 -1 62 -1 69 -1 -2
52 -1 56 -1 63 -1 19 -1 28 -1 -2
69 -1 24 -1 84 -1 47 -1 53 -1 -2
67 -1 69 -1 72 -1 73 -1 74 -1 -2
48 -1 54 -1 61 -1 43 -1 11 -1 -2
67 -1 74 -1 20 -1 21 -1 28 -1 -2
43 -1 28 -1 29 -1 73 -1 74 -1 -2
64 -1 69 -1 71 -1 72 -1 73 -1 -2
66 -1 67 -1 71 -1 72 -1 73 -1 -2
45 -1 77 -1 49 -1 62 -1 74 -1 -2
67 -1 69 -1 70 -1 71 -1 72 -1 -2
91 -1 68 -1 61 -1 67 -1 21 -1 -2
92 -1 48 -1 54 -1 61 -1 66 -1 -2
69 -1 72 -1 23 -1 25 -1 74 -1 -2
66 -1 69 -1 71 -1 72 -1 73 -1 -2
28 -1 102 -1 19 -1 20 -1 43 -1 -2
5 -1 9 -1 92 -1 66 -1 73 -1 -2
55 -1 56 -1 69 -1 71 -1 91 -1 -2
67 -1 60 -1 66 -1 67 -1 74 -1 -2
61 -1 65 -1 66 -1 67 -1 73 -1 -2
58 -1 59 -1 67 -1 72 -1 73 -1 -2
65 -1 66 -1 70 -1 71 -1 72 -1 -2
91 -1 47 -1 53 -1 54 -1 60 -1 -2
47 -1 65 -1 66 -1 20 -1 20 -1 -2
64 -1 65 -1 69 -1 70 -1 71 -1 -2
70 -1 71 -1 72 -1 73 -1 90 -1 -2
74 -1 11 -1 65 -1 66 -1 67 -1 -2
26 -1 27 -1 11 -1 65 -1 67 -1 -2
45 -1 60 -1 66 -1 5 -1 66 -1 -2
48 -1 66 -1 61 -1 66 -1 73 -1 -2
61 -1 66 -1 23 -1 10 -1 72 -1 -2
54 -1 61 -1 69 -1 72 -1 73 -1 -2
21 -1 28 -1 13 -1 16 -1 38 -1 -2
76 -1 53 -1 60 -1 73 -1 74 -1 -2
92 -1 45 -1 77 -1 80 -1 49 -1 -2
66 -1 67 -1 72 -1 73 -1 74 -1 -2
40 -1 41 -1 42 -1 1 -1 81 -1 -2
61 -1 67 -1 70 -1 76 -1 91 -1 -2
63 -1 66 -1 67 -1 72 -1 73 -1 -2
64 -1 70 -1 16 -1 2 -1 73 -1 -2
64 -1 65 -1 66 -1 72 -1 73 -1 -2
60 -1 61 -1 63 -1 67 -1 70 -1 -2
61 -1 65 -1 66 -1 67 -1 5 -1 -2
66 -1 67 -1 72 -1 73 -1 74 -1 -2
60 -1 64 -1 65 -1 66 -1 12 -1 -2
96 -1 97 -1 98 -1 76 -1 54 -1 -2
84 -1 85 -1 65 -1 69 -1 70 -1 -2
54 -1 61 -1 65 -1 70 -1 71 -1 -2
58 -1 64 -1 71 -1 72 -1 73 -1 -2
48 -1 63 -1 69 -1 12 -1 47 -1 -2
96 -1 80 -1 47 -1 50 -1 52 -1 -2
92 -1 19 -1 38 -1 48 -1 54 -1 -2
14 -1 24 -1 58 -1 67 -1 74 -1 -2
61 -1 65 -1 66 -1 73 -1 54 -1 -2
50 -1 61 -1 67 -1 74 -1 21 -1 -2
65 -1 66 -1 70 -1 73 -1 28 -1 -2
22 -1 42 -1 7 -1 10 -1 87 -1 -2
91 -1 48 -1 54 -1 67 -1 74 -1 -2
65 -1 66 -1 67 -1 72 -1 74 -1 -2
51 -1 55 -1 64 -1 65 -1 66 -1 -2
65 -1 66 -1 71 -1 72 -1 73 -1 -2
55 -1 62 -1 67 -1 69 -1 74 -1 -2
91 -1 68 -1 62 -1 66 -1 90 -1 -2
1 -1 81 -1 77 -1 47 -1 51 -1 -2
25 -1 92 -1 54 -1 25 -1 55 -1 -2
71 -1 16 -1 91 -1 74 -1 54 -1 -2
56 -1 63 -1 65 -1 69 -1 70 -1 -2
63 -1 64 -1 65 -1 66 -1 73 -1 -2
70 -1 71 -1 72 -1 73 -1 12 -1 -2
89 -1 90 -1 60 -1 66 -1 73 -1 -2
71 -1 20 -1 89 -1 20 -1 28 -1 -2
42 -1 5 -1 9 -1 64 -1 9 -1 -2
48 -1 55 -1 61 -1 62 -1 69 -1 -2
62 -1 63 -1 65 -1 69 -1 74 -1 -2
20 -1 21 -1 28 -1 29 -1 43 -1 -2
79 -1 51 -1 62 -1 69 -1 74 -1 -2
54 -1 59 -1 60 -1 65 -1 66 -1 -2
45 -1 68 -1 75 -1 80 -1 54 -1 -2
45 -1 62 -1 63 -1 70 -1 71 -1 -2
53 -1 59 -1 60 -1 66 -1 73 -1 -2
60 -1 65 -1 66 -1 73 -1 74 -1 -2
5 -1 11 -1 45 -1 62 -1 70 -1 -2
71 -1 72 -1 73 -1 74 -1 47 -1 -2
60 -1 61 -1 65 -1 66 -1 67 -1 -2
71 -1 72 -1 73 -1 61 -1 67 -1 -2
65 -1 66 -1 67 -1 73 -1 74 -1 -2
76 -1 51 -1 58 -1 70 -1 71 -1 -2
89 -1 20 -1 27 -1 28 -1 79 -1 -2
69 -1 71 -1 72 -1 73 -1 74 -1 -2
95 -1 96 -1 77 -1 53 -1 60 -1 -2
73 -1 74 -1 12 -1 65 -1 66 -1 -2
83 -1 86 -1 87 -1 47 -1 51 -1 -2
58 -1 60 -1 64 -1 65 -1 66 -1 -2
61 -1 65 -1 66 -1 67 -1 74 -1 -2
2 -1 12 -1 44 -1 101 -1 89 -1 -2
65 -1 66 -1 67 -1 73 -1 74 -1 -2
66 -1 67 -1 69 -1 73 -1 74 -1 -2
28 -1 94 -1 86 -1 87 -1 77 -1 -2
52 -1 58 -1 60 -1 62 -1 66 -1 -2
69 -1 70 -1 71 -1 72 -1 73 -1 -2
75 -1 76 -1 80 -1 48 -1 69 -1 -2
43 -1 11 -1 76 -1 12 -1 11 -1 -2
82 -1 92 -1 45 -1 62 -1 12 -1 -2
64 -1 66 -1 71 -1 72 -1 73 -1 -2
59 -1 60 -1 65 -1 66 -1 73 -1 -2
61 -1 67 -1 21 -1 32 -1 11 -1 -2
65 -1 66 -1 69 -1 54 -1 61 -1 -2
54 -1 60 -1 66 -1 73 -1 74 -1 -2
79 -1 51 -1 62 -1 65 -1 43 -1 -2
64 -1 71 -1 72 -1 92 -1 76 -1 -2
65 -1 66 -1 67 -1 73 -1 74 -1 -2
19 -1 20 -1 21 -1 34 -1 57 -1 -2
59 -1 62 -1 63 -1 65 -1 66 -1 -2
11 -1 89 -1 79 -1 56 -1 62 -1 -2
87 -1 22 -1 11 -1 50 -1 56 -1 -2
29 -1 68 -1 59 -1 65 -1 73 -1 -2
48 -1 54 -1 67 -1 20 -1 28 -1 -2
43 -1 40 -1 5 -1 11 -1 65 -1 -2
47 -1 52 -1 53 -1 60 -1 73 -1 -2
91 -1 49 -1 74 -1 76 -1 73 -1 -2
79 -1 62 -1 65 -1 66 -1 67 -1 -2
37 -1 38 -1 39 -1 92 -1 61 -1 -2
65 -1 66 -1 72 -1 73 -1 74 -1 -2
45 -1 76 -1 62 -1 70 -1 71 -1 -2
97 -1 98 -1 92 -1 47 -1 49 -1 -2
57 -1 60 -1 66 -1 72 -1 74 -1 -2
79 -1 51 -1 72 -1 21 -1 92 -1 -2
55 -1 65 -1 12 -1 91 -1 54 -1 -2
87 -1 78 -1 50 -1 56 -1 74 -1 -2
69 -1 70 -1 71 -1 72 -1 20 -1 -2
69 -1 70 -1 71 -1 72 -1 73 -1 -2
29 -1 90 -1 74 -1 12 -1 24 -1 -2
69 -1 70 -1 71 -1 72 -1 73 -1 -2
67 -1 69 -1 71 -1 72 -1 73 -1 -2
60 -1 62 -1 66 -1 71 -1 72 -1 -2
18 -1 19 -1 22 -1 28 -1 92 -1 -2
54 -1 55 -1 58 -1 62 -1 66 -1 -2
65 -1 66 -1 14 -1 90 -1 51 -1 -2
81 -1 82 -1 45 -1 77 -1 62 -1 -2
59 -1 60 -1 65 -1 66 -1 73 -1 -2
62 -1 63 -1 70 -1 71 -1 65 -1 -2
70 -1 71 -1 72 -1 73 -1 74 -1 -2
65 -1 66 -1 67 -1 72 -1 73 -1 -2
32 -1 5 -1 10 -1 89 -1 69 -1 -2
69 -1 70 -1 72 -1 73 -1 74 -1 -2
29 -1 61 -1 62 -1 65 -1 69 -1 -2
78 -1 47 -1 61 -1 62 -1 67 -1 -2
48 -1 62 -1 63 -1 70 -1 71 -1 -2
48 -1 52 -1 60 -1 61 -1 11 -1 -2
90 -1 91 -1 92 -1 76 -1 69 -1 -2
71 -1 74 -1 48 -1 54 -1 91 -1 -2
74 -1 47 -1 53 -1 66 -1 67 -1 -2
55 -1 65 -1 66 -1 69 -1 74 -1 -2
9 -1 57 -1 79 -1 63 -1 64 -1 -2
91 -1 86 -1 87 -1 78 -1 50 -1 -2
72 -1 73 -1 54 -1 67 -1 74 -1 -2
66 -1 69 -1 2 -1 67 -1 74 -1 -2
64 -1 65 -1 66 -1 69 -1 71 -1 -2
67 -1 69 -1 72 -1 73 -1 74 -1 -2
45 -1 80 -1 51 -1 53 -1 58 -1 -2
63 -1 64 -1 65 -1 66 -1 74 -1 -2
12 -1 23 -1 24 -1 89 -1 55 -1 -2
70 -1 71 -1 72 -1 73 -1 74 -1 -2
47 -1 60 -1 65 -1 66 -1 67 -1 -2
40 -1 2 -1 11 -1 65 -1 43 -1 -2
47 -1 49 -1 53 -1 54 -1 60 -1 -2
62 -1 70 -1 34 -1 91 -1 92 -1 -2
72 -1 73 -1 2 -1 67 -1 28 -1 -2
67 -1 71 -1 72 -1 73 -1 74 -1 -2
59 -1 64 -1 65 -1 66 -1 67 -1 -2
51 -1 58 -1 73 -1 45 -1 43 -1 -2
69 -1 70 -1 72 -1 73 -1 74 -1 -2
65 -1 69 -1 71 -1 72 -1 73 -1 -2
2 -1 89 -1 79 -1 69 -1 12 -1 -2
66 -1 67 -1 12 -1 92 -1 48 -1 -2
60 -1 65 -1 66 -1 72 -1 73 -1 -2
79 -1 15 -1 24 -1 1 -1 77 -1 -2
50 -1 56 -1 63 -1 65 -1 66 -1 -2
59 -1 60 -1 62 -1 65 -1 66 -1 -2
69 -1 70 -1 12 -1 21 -1 20 -1 -2
77 -1 78 -1 55 -1 62 -1 70 -1 -2
5 -1 10 -1 88 -1 72 -1 73 -1 -2
73 -1 74 -1 41 -1 61 -1 75 -1 -2
95 -1 96 -1 69 -1 41 -1 74 -1 -2
46 -1 55 -1 62 -1 66 -1 69 -1 -2
77 -1 78 -1 79 -1 80 -1 69 -1 -2
67 -1 73 -1 74 -1 90 -1 74 -1 -2
60 -1 65 -1 66 -1 67 -1 73 -1 -2
15 -1 19 -1 5 -1 89 -1 79 -1 -2
78 -1 55 -1 62 -1 39 -1 40 -1 -2
27 -1 76 -1 48 -1 61 -1 74 -1 -2
62 -1 63 -1 69 -1 70 -1 67 -1 -2
50 -1 56 -1 67 -1 69 -1 73 -1 -2
76 -1 47 -1 53 -1 60 -1 73 -1 -2
65 -1 66 -1 67 -1 72 -1 73 -1 -2
70 -1 71 -1 72 -1 73 -1 74 -1 -2
21 -1 28 -1 2 -1 45 -1 43 -1 -2
73 -1 74 -1 20 -1 40 -1 93 -1 -2
51 -1 58 -1 64 -1 70 -1 71 -1 -2
56 -1 58 -1 61 -1 63 -1 73 -1 -2
56 -1 67 -1 72 -1 73 -1 74 -1 -2
91 -1 92 -1 58 -1 60 -1 66 -1 -2
56 -1 59 -1 63 -1 65 -1 66 -1 -2
5 -1 11 -1 90 -1 65 -1 67 -1 -2
60 -1 74 -1 12 -1 2 -1 76 -1 -2
73 -1 11 -1 12 -1 21 -1 12 -1 -2
91 -1 92 -1 65 -1 69 -1 74 -1 -2
67 -1 69 -1 70 -1 71 -1 72 -1 -2
66 -1 67 -1 71 -1 73 -1 74 -1 -2
60 -1 66 -1 67 -1 74 -1 44 -1 -2
46 -1 78 -1 50 -1 51 -1 56 -1 -2
52 -1 54 -1 55 -1 59 -1 61 -1 -2
74 -1 29 -1 65 -1 66 -1 73 -1 -2
35 -1 1 -1 82 -1 45 -1 67 -1 -2
67 -1 70 -1 71 -1 72 -1 74 -1 -2
87 -1 49 -1 32 -1 2 -1 5 -1 -2
43 -1 41 -1 77 -1 71 -1 74 -1 -2
65 -1 67 -1 71 -1 72 -1 73 -1 -2
72 -1 67 -1 54 -1 61 -1 74 -1 -2
90 -1 45 -1 60 -1 62 -1 66 -1 -2
44 -1 37 -1 75 -1 62 -1 61 -1 -2
65 -1 66 -1 67 -1 72 -1 73 -1 -2
56 -1 60 -1 66 -1 48 -1 20 -1 -2
79 -1 74 -1 90 -1 91 -1 92 -1 -2
38 -1 40 -1 34 -1 79 -1 51 -1 -2
66 -1 67 -1 72 -1 73 -1 74 -1 -2
43 -1 28 -1 75 -1 76 -1 54 -1 -2
28 -1 54 -1 67 -1 19 -1 28 -1 -2
43 -1 27 -1 11 -1 60 -1 74 -1 -2
91 -1 76 -1 61 -1 66 -1 73 -1 -2
12 -1 43 -1 11 -1 43 -1 11 -1 -2
71 -1 72 -1 73 -1 74 -1 11 -1 -2
34 -1 61 -1 33 -1 36 -1 34 -1 -2
49 -1 65 -1 66 -1 67 -1 72 -1 -2
21 -1 43 -1 28 -1 48 -1 54 -1 -2
48 -1 61 -1 72 -1 73 -1 74 -1 -2
69 -1 71 -1 72 -1 73 -1 74 -1 -2
66 -1 70 -1 71 -1 72 -1 73 -1 -2
67 -1 72 -1 73 -1 74 -1 76 -1 -2
54 -1 61 -1 69 -1 73 -1 74 -1 -2
67 -1 74 -1 38 -1 39 -1 37 -1 -2
67 -1 12 -1 91 -1 76 -1 54 -1 -2
67 -1 69 -1 74 -1 76 -1 73 -1 -2
80 -1 48 -1 50 -1 51 -1 56 -1 -2
16 -1 22 -1 23 -1 50 -1 55 -1 -2
90 -1 91 -1 68 -1 77 -1 49 -1 -2
69 -1 71 -1 72 -1 67 -1 67 -1 -2
11 -1 43 -1 11 -1 43 -1 11 -1 -2
59 -1 63 -1 64 -1 65 -1 69 -1 -2
63 -1 65 -1 66 -1 67 -1 70 -1 -2
55 -1 63 -1 65 -1 66 -1 69 -1 -2
65 -1 67 -1 72 -1 73 -1 30 -1 -2
99 -1 53 -1 54 -1 60 -1 41 -1 -2
58 -1 64 -1 70 -1 73 -1 74 -1 -2
86 -1 87 -1 68 -1 75 -1 77 -1 -2
92 -1 60 -1 63 -1 65 -1 66 -1 -2
83 -1 84 -1 46 -1 78 -1 54 -1 -2
53 -1 60 -1 66 -1 72 -1 73 -1 -2
65 -1 67 -1 72 -1 73 -1 74 -1 -2
65 -1 66 -1 69 -1 70 -1 71 -1 -2
67 -1 47 -1 42 -1 48 -1 87 -1 -2
70 -1 71 -1 72 -1 73 -1 74 -1 -2
92 -1 43 -1 54 -1 61 -1 31 -1 -2
69 -1 71 -1 72 -1 73 -1 74 -1 -2
56 -1 59 -1 62 -1 63 -1 70 -1 -2
2 -1 6 -1 11 -1 92 -1 57 -1 -2
91 -1 47 -1 54 -1 77 -1 49 -1 -2
49 -1 54 -1 55 -1 61 -1 74 -1 -2
54 -1 67 -1 74 -1 47 -1 92 -1 -2
60 -1 61 -1 69 -1 72 -1 74 -1 -2
86 -1 74 -1 101 -1 25 -1 11 -1 -2
63 -1 64 -1 65 -1 71 -1 72 -1 -2
81 -1 68 -1 77 -1 80 -1 49 -1 -2
91 -1 92 -1 90 -1 91 -1 92 -1 -2
27 -1 41 -1 87 -1 77 -1 65 -1 -2
34 -1 86 -1 68 -1 77 -1 69 -1 -2
65 -1 69 -1 70 -1 71 -1 72 -1 -2
21 -1 91 -1 92 -1 60 -1 66 -1 -2
62 -1 63 -1 64 -1 65 -1 70 -1 -2
63 -1 64 -1 65 -1 70 -1 71 -1 -2
97 -1 91 -1 92 -1 12 -1 92 -1 -2
59 -1 61 -1 65 -1 72 -1 73 -1 -2
100 -1 84 -1 87 -1 76 -1 70 -1 -2
56 -1 63 -1 69 -1 70 -1 92 -1 -2
58 -1 71 -1 72 -1 77 -1 67 -1 -2
1 -1 81 -1 45 -1 76 -1 77 -1 -2
67 -1 91 -1 92 -1 48 -1 61 -1 -2
40 -1 32 -1 33 -1 32 -1 33 -1 -2
74 -1 92 -1 13 -1 22 -1 66 -1 -2
66 -1 67 -1 70 -1 73 -1 74 -1 -2
23 -1 24 -1 67 -1 74 -1 23 -1 -2
